0,0,0
0,1,9
0,2,20
0,3,0
0,4,0
0,5,0
0,6,0
0,7,18
0,8,8
0,9,0
0,10,0
0,11,3
0,12,25
0,13,0
0,14,0
0,15,11
0,16,0
0,17,0
0,18,0
0,19,5
0,20,22
0,21,12
0,22,0
0,23,10
0,24,21
1,0,0
1,1,3
1,2,12
1,3,0
1,4,16
1,5,5
1,6,22
1,7,0
1,8,6
1,9,0
1,10,21
1,11,0
1,12,0
1,13,0
1,14,0
1,15,0
1,16,0
1,17,0
1,18,13
1,19,4
1,20,0
1,21,0
1,22,0
1,23,0
1,24,0
2,0,19
2,1,10
2,2,7
2,3,2
2,4,0
2,5,0
2,6,0
2,7,13
2,8,4
2,9,25
2,10,0
2,11,0
2,12,17
2,13,1
2,14,22
2,15,0
2,16,16
2,17,0
2,18,0
2,19,12
2,20,0
2,21,0
2,22,6
2,23,5
2,24,20
3,0,0
3,1,5
3,2,0
3,3,0
3,4,0
3,5,0
3,6,17
3,7,1
3,8,23
3,9,21
3,10,0
3,11,6
3,12,20
3,13,16
3,14,0
3,15,0
3,16,14
3,17,7
3,18,8
3,19,22
3,20,0
3,21,19
3,22,0
3,23,0
3,24,0
4,0,0
4,1,0
4,2,11
4,3,0
4,4,0
4,5,12
4,6,10
4,7,0
4,8,0
4,9,9
4,10,0
4,11,0
4,12,13
4,13,0
4,14,0
4,15,0
4,16,0
4,17,0
4,18,0
4,19,0
4,20,15
4,21,0
4,22,4
4,23,3
4,24,16
5,0,0
5,1,0
5,2,18
5,3,0
5,4,0
5,5,0
5,6,24
5,7,25
5,8,0
5,9,1
5,10,0
5,11,16
5,12,0
5,13,3
5,14,17
5,15,0
5,16,0
5,17,19
5,18,7
5,19,11
5,20,0
5,21,0
5,22,0
5,23,0
5,24,14
6,0,0
6,1,7
6,2,5
6,3,23
6,4,0
6,5,0
6,6,2
6,7,4
6,8,0
6,9,15
6,10,0
6,11,0
6,12,0
6,13,0
6,14,6
6,15,0
6,16,22
6,17,0
6,18,3
6,19,18
6,20,11
6,21,9
6,22,16
6,23,25
6,24,0
7,0,0
7,1,0
7,2,9
7,3,0
7,4,0
7,5,10
7,6,19
7,7,0
7,8,11
7,9,0
7,10,0
7,11,0
7,12,4
7,13,0
7,14,0
7,15,0
7,16,15
7,17,0
7,18,20
7,19,0
7,20,8
7,21,3
7,22,0
7,23,12
7,24,6
8,0,0
8,1,24
8,2,0
8,3,0
8,4,0
8,5,0
8,6,0
8,7,17
8,8,0
8,9,0
8,10,1
8,11,0
8,12,0
8,13,12
8,14,13
8,15,0
8,16,4
8,17,16
8,18,0
8,19,9
8,20,18
8,21,0
8,22,0
8,23,22
8,24,0
9,0,11
9,1,4
9,2,0
9,3,22
9,4,19
9,5,8
9,6,0
9,7,3
9,8,0
9,9,0
9,10,25
9,11,0
9,12,14
9,13,0
9,14,0
9,15,0
9,16,0
9,17,5
9,18,12
9,19,24
9,20,0
9,21,0
9,22,10
9,23,1
9,24,23
10,0,0
10,1,17
10,2,8
10,3,9
10,4,1
10,5,0
10,6,0
10,7,0
10,8,0
10,9,18
10,10,0
10,11,11
10,12,0
10,13,0
10,14,0
10,15,5
10,16,13
10,17,0
10,18,23
10,19,0
10,20,20
10,21,0
10,22,19
10,23,16
10,24,0
11,0,0
11,1,14
11,2,13
11,3,0
11,4,12
11,5,0
11,6,0
11,7,16
11,8,0
11,9,20
11,10,22
11,11,1
11,12,18
11,13,0
11,14,25
11,15,0
11,16,8
11,17,0
11,18,9
11,19,0
11,20,10
11,21,17
11,22,23
11,23,0
11,24,0
12,0,24
12,1,0
12,2,0
12,3,19
12,4,7
12,5,0
12,6,0
12,7,0
12,8,17
12,9,4
12,10,0
12,11,5
12,12,0
12,13,2
12,14,0
12,15,14
12,16,12
12,17,0
12,18,0
12,19,0
12,20,6
12,21,22
12,22,0
12,23,0
12,24,1
13,0,0
13,1,0
13,2,16
13,3,20
13,4,11
13,5,0
13,6,1
13,7,0
13,8,13
13,9,0
13,10,3
13,11,0
13,12,23
13,13,21
13,14,14
13,15,19
13,16,0
13,17,22
13,18,0
13,19,0
13,20,5
13,21,0
13,22,15
13,23,9
13,24,0
14,0,0
14,1,25
14,2,22
14,3,0
14,4,23
14,5,0
14,6,15
14,7,0
14,8,19
14,9,7
14,10,0
14,11,0
14,12,0
14,13,17
14,14,0
14,15,4
14,16,0
14,17,0
14,18,0
14,19,0
14,20,13
14,21,2
14,22,18
14,23,14
14,24,0
15,0,3
15,1,21
15,2,17
15,3,0
15,4,0
15,5,24
15,6,8
15,7,2
15,8,0
15,9,0
15,10,0
15,11,0
15,12,12
15,13,0
15,14,11
15,15,0
15,16,0
15,17,4
15,18,0
15,19,1
15,20,16
15,21,10
15,22,0
15,23,15
15,24,13
16,0,0
16,1,6
16,2,0
16,3,0
16,4,4
16,5,18
16,6,0
16,7,7
16,8,15
16,9,0
16,10,24
16,11,13
16,12,0
16,13,0
16,14,3
16,15,0
16,16,0
16,17,20
16,18,0
16,19,0
16,20,0
16,21,0
16,22,0
16,23,11
16,24,0
17,0,16
17,1,1
17,2,0
17,3,14
17,4,10
17,5,0
17,6,13
17,7,0
17,8,21
17,9,0
17,10,0
17,11,0
17,12,15
17,13,0
17,14,0
17,15,0
17,16,11
17,17,0
17,18,22
17,19,23
17,20,0
17,21,0
17,22,24
17,23,0
17,24,0
18,0,0
18,1,11
18,2,19
18,3,7
18,4,13
18,5,17
18,6,16
18,7,0
18,8,14
18,9,0
18,10,10
18,11,0
18,12,0
18,13,0
18,14,0
18,15,21
18,16,0
18,17,25
18,18,15
18,19,0
18,20,0
18,21,5
18,22,2
18,23,4
18,24,0
19,0,18
19,1,0
19,2,0
19,3,0
19,4,0
19,5,4
19,6,6
19,7,19
19,8,0
19,9,0
19,10,16
19,11,22
19,12,0
19,13,5
19,14,0
19,15,13
19,16,0
19,17,9
19,18,2
19,19,0
19,20,0
19,21,0
19,22,17
19,23,0
19,24,0
20,0,17
20,1,20
20,2,2
20,3,0
20,4,5
20,5,0
20,6,0
20,7,0
20,8,0
20,9,0
20,10,0
20,11,0
20,12,22
20,13,0
20,14,0
20,15,10
20,16,0
20,17,0
20,18,4
20,19,6
20,20,0
20,21,0
20,22,3
20,23,0
20,24,0
21,0,0
21,1,0
21,2,0
21,3,13
21,4,0
21,5,25
21,6,23
21,7,12
21,8,16
21,9,0
21,10,0
21,11,24
21,12,10
21,13,11
21,14,0
21,15,7
21,16,9
21,17,18
21,18,21
21,19,0
21,20,0
21,21,0
21,22,0
21,23,19
21,24,0
22,0,25
22,1,15
22,2,21
22,3,0
22,4,0
22,5,19
22,6,0
22,7,0
22,8,10
22,9,0
22,10,7
22,11,4
22,12,5
22,13,0
22,14,0
22,15,22
22,16,3
22,17,11
22,18,0
22,19,0
22,20,0
22,21,23
22,22,1
22,23,24
22,24,2
23,0,0
23,1,0
23,2,0
23,3,0
23,4,0
23,5,11
23,6,9
23,7,0
23,8,0
23,9,0
23,10,0
23,11,0
23,12,0
23,13,0
23,14,16
23,15,0
23,16,5
23,17,0
23,18,14
23,19,2
23,20,4
23,21,0
23,22,13
23,23,6
23,24,0
24,0,22
24,1,23
24,2,0
24,3,11
24,4,9
24,5,3
24,6,0
24,7,0
24,8,0
24,9,2
24,10,0
24,11,0
24,12,6
24,13,20
24,14,0
24,15,0
24,16,17
24,17,13
24,18,0
24,19,0
24,20,0
24,21,0
24,22,12
24,23,8
24,24,0
