0,0,11
0,1,0
0,2,0
0,3,4
0,4,0
0,5,0
0,6,0
0,7,0
0,8,0
0,9,25
0,10,0
0,11,20
0,12,5
0,13,0
0,14,22
0,15,21
0,16,0
0,17,0
0,18,7
0,19,6
0,20,0
0,21,0
0,22,0
0,23,0
0,24,18
1,0,0
1,1,0
1,2,17
1,3,0
1,4,0
1,5,19
1,6,0
1,7,12
1,8,0
1,9,8
1,10,18
1,11,16
1,12,1
1,13,0
1,14,0
1,15,5
1,16,0
1,17,0
1,18,0
1,19,25
1,20,0
1,21,0
1,22,0
1,23,23
1,24,13
2,0,0
2,1,19
2,2,0
2,3,0
2,4,7
2,5,18
2,6,17
2,7,0
2,8,20
2,9,6
2,10,0
2,11,0
2,12,10
2,13,24
2,14,0
2,15,0
2,16,12
2,17,0
2,18,8
2,19,0
2,20,0
2,21,0
2,22,11
2,23,9
2,24,0
3,0,0
3,1,0
3,2,0
3,3,18
3,4,21
3,5,0
3,6,0
3,7,0
3,8,5
3,9,11
3,10,0
3,11,6
3,12,0
3,13,8
3,14,0
3,15,0
3,16,0
3,17,24
3,18,0
3,19,1
3,20,15
3,21,0
3,22,0
3,23,0
3,24,14
4,0,23
4,1,16
4,2,8
4,3,2
4,4,0
4,5,0
4,6,0
4,7,22
4,8,24
4,9,0
4,10,13
4,11,0
4,12,14
4,13,25
4,14,0
4,15,0
4,16,15
4,17,0
4,18,0
4,19,0
4,20,0
4,21,0
4,22,19
4,23,0
4,24,17
5,0,0
5,1,0
5,2,0
5,3,0
5,4,13
5,5,20
5,6,15
5,7,6
5,8,0
5,9,0
5,10,24
5,11,0
5,12,0
5,13,1
5,14,11
5,15,7
5,16,9
5,17,0
5,18,16
5,19,0
5,20,0
5,21,19
5,22,3
5,23,0
5,24,25
6,0,0
6,1,7
6,2,12
6,3,0
6,4,0
6,5,0
6,6,0
6,7,9
6,8,0
6,9,5
6,10,0
6,11,0
6,12,19
6,13,0
6,14,0
6,15,1
6,16,0
6,17,0
6,18,0
6,19,3
6,20,0
6,21,15
6,22,18
6,23,13
6,24,0
7,0,16
7,1,0
7,2,0
7,3,15
7,4,0
7,5,0
7,6,25
7,7,13
7,8,18
7,9,0
7,10,0
7,11,2
7,12,0
7,13,4
7,14,0
7,15,12
7,16,0
7,17,0
7,18,19
7,19,17
7,20,0
7,21,6
7,22,0
7,23,20
7,24,0
8,0,0
8,1,11
8,2,18
8,3,1
8,4,0
8,5,24
8,6,0
8,7,7
8,8,22
8,9,0
8,10,0
8,11,0
8,12,25
8,13,0
8,14,3
8,15,4
8,16,2
8,17,23
8,18,6
8,19,15
8,20,0
8,21,0
8,22,21
8,23,0
8,24,12
9,0,0
9,1,6
9,2,21
9,3,0
9,4,24
9,5,4
9,6,0
9,7,3
9,8,10
9,9,19
9,10,16
9,11,5
9,12,0
9,13,0
9,14,14
9,15,0
9,16,8
9,17,0
9,18,0
9,19,18
9,20,7
9,21,0
9,22,0
9,23,0
9,24,0
10,0,0
10,1,0
10,2,2
10,3,0
10,4,25
10,5,6
10,6,0
10,7,5
10,8,0
10,9,0
10,10,15
10,11,0
10,12,0
10,13,0
10,14,16
10,15,0
10,16,0
10,17,0
10,18,0
10,19,22
10,20,3
10,21,23
10,22,7
10,23,0
10,24,0
11,0,10
11,1,0
11,2,0
11,3,0
11,4,18
11,5,0
11,6,0
11,7,15
11,8,25
11,9,0
11,10,0
11,11,19
11,12,12
11,13,3
11,14,0
11,15,0
11,16,0
11,17,0
11,18,0
11,19,11
11,20,0
11,21,0
11,22,2
11,23,0
11,24,20
12,0,15
12,1,0
12,2,6
12,3,0
12,4,0
12,5,0
12,6,0
12,7,24
12,8,17
12,9,0
12,10,0
12,11,0
12,12,0
12,13,0
12,14,0
12,15,0
12,16,5
12,17,19
12,18,0
12,19,0
12,20,0
12,21,0
12,22,25
12,23,0
12,24,4
13,0,13
13,1,0
13,2,1
13,3,0
13,4,0
13,5,11
13,6,0
13,7,0
13,8,0
13,9,0
13,10,0
13,11,10
13,12,23
13,13,9
13,14,0
13,15,0
13,16,14
13,17,16
13,18,0
13,19,0
13,20,24
13,21,0
13,22,0
13,23,0
13,24,15
14,0,0
14,1,0
14,2,24
14,3,16
14,4,20
14,5,23
14,6,0
14,7,0
14,8,0
14,9,0
14,10,1
14,11,0
14,12,0
14,13,0
14,14,18
14,15,0
14,16,0
14,17,25
14,18,0
14,19,13
14,20,17
14,21,0
14,22,5
14,23,0
14,24,0
15,0,0
15,1,0
15,2,0
15,3,0
15,4,2
15,5,17
15,6,0
15,7,0
15,8,15
15,9,0
15,10,9
15,11,0
15,12,0
15,13,19
15,14,10
15,15,24
15,16,3
15,17,1
15,18,0
15,19,21
15,20,20
15,21,0
15,22,6
15,23,4
15,24,0
16,0,4
16,1,0
16,2,9
16,3,0
16,4,0
16,5,3
16,6,13
16,7,20
16,8,11
16,9,24
16,10,14
16,11,0
16,12,21
16,13,0
16,14,0
16,15,0
16,16,7
16,17,6
16,18,0
16,19,5
16,20,0
16,21,16
16,22,1
16,23,8
16,24,0
17,0,0
17,1,14
17,2,0
17,3,6
17,4,0
17,5,9
17,6,5
17,7,0
17,8,0
17,9,23
17,10,0
17,11,1
17,12,0
17,13,7
17,14,0
17,15,0
17,16,22
17,17,8
17,18,20
17,19,0
17,20,0
17,21,3
17,22,0
17,23,0
17,24,19
18,0,0
18,1,13
18,2,7
18,3,22
18,4,0
18,5,16
18,6,0
18,7,0
18,8,0
18,9,1
18,10,0
18,11,0
18,12,4
18,13,0
18,14,0
18,15,15
18,16,0
18,17,2
18,18,0
18,19,0
18,20,0
18,21,0
18,22,14
18,23,18
18,24,0
19,0,18
19,1,0
19,2,20
19,3,23
19,4,0
19,5,0
19,6,6
19,7,0
19,8,14
19,9,12
19,10,22
19,11,3
19,12,0
19,13,0
19,14,15
19,15,0
19,16,0
19,17,17
19,18,4
19,19,19
19,20,11
19,21,0
19,22,0
19,23,0
19,24,0
20,0,2
20,1,0
20,2,22
20,3,0
20,4,0
20,5,0
20,6,0
20,7,0
20,8,21
20,9,0
20,10,0
20,11,18
20,12,3
20,13,0
20,14,9
20,15,0
20,16,23
20,17,4
20,18,0
20,19,0
20,20,0
20,21,10
20,22,15
20,23,11
20,24,1
21,0,21
21,1,0
21,2,0
21,3,0
21,4,5
21,5,13
21,6,0
21,7,11
21,8,0
21,9,0
21,10,0
21,11,14
21,12,0
21,13,22
21,14,0
21,15,17
21,16,1
21,17,0
21,18,0
21,19,0
21,20,16
21,21,8
21,22,0
21,23,0
21,24,0
22,0,0
22,1,25
22,2,16
22,3,0
22,4,0
22,5,0
22,6,3
22,7,0
22,8,19
22,9,0
22,10,0
22,11,4
22,12,20
22,13,0
22,14,0
22,15,11
22,16,10
22,17,0
22,18,18
22,19,2
22,20,23
22,21,0
22,22,0
22,23,22
22,24,0
23,0,7
23,1,10
23,2,0
23,3,0
23,4,0
23,5,12
23,6,0
23,7,0
23,8,0
23,9,22
23,10,0
23,11,0
23,12,24
23,13,2
23,14,1
23,15,16
23,16,0
23,17,3
23,18,0
23,19,20
23,20,0
23,21,0
23,22,4
23,23,0
23,24,0
24,0,6
24,1,0
24,2,0
24,3,0
24,4,0
24,5,10
24,6,9
24,7,0
24,8,0
24,9,4
24,10,23
24,11,0
24,12,11
24,13,12
24,14,0
24,15,22
24,16,0
24,17,0
24,18,0
24,19,0
24,20,0
24,21,20
24,22,0
24,23,0
24,24,7
