0,0,6
0,1,0
0,2,19
0,3,0
0,4,15
0,5,0
0,6,0
0,7,12
0,8,0
0,9,9
0,10,0
0,11,0
0,12,0
0,13,13
0,14,3
0,15,0
0,16,2
0,17,10
0,18,1
0,19,0
0,20,0
0,21,23
0,22,0
0,23,17
0,24,0
1,0,4
1,1,0
1,2,10
1,3,0
1,4,0
1,5,19
1,6,0
1,7,2
1,8,0
1,9,0
1,10,0
1,11,0
1,12,0
1,13,0
1,14,25
1,15,0
1,16,8
1,17,0
1,18,12
1,19,0
1,20,0
1,21,0
1,22,6
1,23,0
1,24,3
2,0,0
2,1,20
2,2,13
2,3,12
2,4,11
2,5,0
2,6,0
2,7,0
2,8,7
2,9,4
2,10,9
2,11,0
2,12,0
2,13,1
2,14,0
2,15,0
2,16,14
2,17,17
2,18,16
2,19,5
2,20,0
2,21,0
2,22,15
2,23,0
2,24,24
3,0,16
3,1,1
3,2,25
3,3,8
3,4,22
3,5,0
3,6,0
3,7,10
3,8,0
3,9,0
3,10,0
3,11,0
3,12,6
3,13,18
3,14,20
3,15,0
3,16,0
3,17,0
3,18,0
3,19,0
3,20,0
3,21,0
3,22,0
3,23,0
3,24,12
4,0,0
4,1,0
4,2,17
4,3,0
4,4,5
4,5,20
4,6,21
4,7,0
4,8,0
4,9,0
4,10,24
4,11,0
4,12,0
4,13,7
4,14,23
4,15,18
4,16,0
4,17,19
4,18,11
4,19,0
4,20,0
4,21,13
4,22,10
4,23,9
4,24,1
5,0,0
5,1,0
5,2,18
5,3,22
5,4,2
5,5,0
5,6,9
5,7,0
5,8,15
5,9,24
5,10,16
5,11,0
5,12,0
5,13,0
5,14,21
5,15,0
5,16,0
5,17,0
5,18,3
5,19,23
5,20,20
5,21,0
5,22,13
5,23,0
5,24,0
6,0,19
6,1,13
6,2,0
6,3,17
6,4,0
6,5,4
6,6,0
6,7,23
6,8,6
6,9,0
6,10,0
6,11,0
6,12,15
6,13,22
6,14,14
6,15,8
6,16,0
6,17,0
6,18,0
6,19,0
6,20,5
6,21,9
6,22,21
6,23,0
6,24,0
7,0,1
7,1,0
7,2,12
7,3,15
7,4,0
7,5,0
7,6,0
7,7,0
7,8,0
7,9,0
7,10,20
7,11,6
7,12,5
7,13,19
7,14,7
7,15,9
7,16,22
7,17,0
7,18,4
7,19,24
7,20,25
7,21,0
7,22,0
7,23,0
7,24,17
8,0,0
8,1,0
8,2,0
8,3,0
8,4,4
8,5,0
8,6,5
8,7,14
8,8,22
8,9,25
8,10,8
8,11,24
8,12,0
8,13,11
8,14,0
8,15,13
8,16,19
8,17,20
8,18,0
8,19,0
8,20,23
8,21,12
8,22,0
8,23,0
8,24,0
9,0,8
9,1,11
9,2,0
9,3,0
9,4,0
9,5,0
9,6,19
9,7,0
9,8,0
9,9,20
9,10,23
9,11,0
9,12,2
9,13,0
9,14,0
9,15,0
9,16,16
9,17,7
9,18,25
9,19,10
9,20,0
9,21,18
9,22,0
9,23,15
9,24,0
10,0,15
10,1,0
10,2,2
10,3,0
10,4,0
10,5,10
10,6,16
10,7,0
10,8,0
10,9,0
10,10,0
10,11,22
10,12,9
10,13,14
10,14,24
10,15,0
10,16,0
10,17,0
10,18,17
10,19,21
10,20,3
10,21,25
10,22,11
10,23,0
10,24,13
11,0,23
11,1,8
11,2,0
11,3,0
11,4,0
11,5,0
11,6,0
11,7,20
11,8,0
11,9,2
11,10,21
11,11,5
11,12,0
11,13,0
11,14,0
11,15,0
11,16,10
11,17,0
11,18,24
11,19,0
11,20,0
11,21,17
11,22,0
11,23,22
11,24,6
12,0,0
12,1,0
12,2,7
12,3,4
12,4,17
12,5,13
12,6,12
12,7,0
12,8,25
12,9,6
12,10,1
12,11,0
12,12,0
12,13,0
12,14,16
12,15,11
12,16,23
12,17,0
12,18,14
12,19,19
12,20,24
12,21,21
12,22,9
12,23,0
12,24,0
13,0,12
13,1,3
13,2,0
13,3,25
13,4,0
13,5,0
13,6,7
13,7,0
13,8,19
13,9,0
13,10,0
13,11,0
13,12,0
13,13,8
13,14,11
13,15,1
13,16,0
13,17,22
13,18,0
13,19,0
13,20,0
13,21,0
13,22,0
13,23,2
13,24,15
14,0,22
14,1,0
14,2,11
14,3,16
14,4,9
14,5,8
14,6,15
14,7,0
14,8,0
14,9,0
14,10,6
14,11,4
14,12,20
14,13,12
14,14,0
14,15,0
14,16,0
14,17,0
14,18,5
14,19,18
14,20,0
14,21,0
14,22,23
14,23,0
14,24,10
15,0,0
15,1,19
15,2,0
15,3,1
15,4,0
15,5,15
15,6,6
15,7,9
15,8,11
15,9,0
15,10,0
15,11,0
15,12,25
15,13,0
15,14,2
15,15,5
15,16,0
15,17,0
15,18,7
15,19,0
15,20,0
15,21,0
15,22,0
15,23,16
15,24,20
16,0,0
16,1,0
16,2,0
16,3,14
16,4,25
16,5,0
16,6,0
16,7,3
16,8,16
16,9,21
16,10,0
16,11,11
16,12,0
16,13,5
16,14,4
16,15,24
16,16,1
16,17,18
16,18,9
16,19,0
16,20,10
16,21,0
16,22,0
16,23,0
16,24,0
17,0,18
17,1,0
17,2,0
17,3,0
17,4,8
17,5,14
17,6,4
17,7,0
17,8,1
17,9,22
17,10,15
17,11,20
17,12,16
17,13,21
17,14,12
17,15,0
17,16,0
17,17,0
17,18,0
17,19,0
17,20,0
17,21,24
17,22,3
17,23,0
17,24,11
18,0,0
18,1,0
18,2,16
18,3,20
18,4,7
18,5,0
18,6,0
18,7,0
18,8,0
18,9,12
18,10,22
18,11,17
18,12,1
18,13,0
18,14,0
18,15,0
18,16,3
18,17,11
18,18,0
18,19,8
18,20,0
18,21,15
18,22,0
18,23,25
18,24,5
19,0,0
19,1,0
19,2,15
19,3,0
19,4,12
19,5,17
19,6,13
19,7,0
19,8,0
19,9,0
19,10,3
19,11,0
19,12,0
19,13,0
19,14,6
19,15,19
19,16,21
19,17,0
19,18,20
19,19,0
19,20,9
19,21,4
19,22,1
19,23,0
19,24,0
20,0,3
20,1,23
20,2,22
20,3,24
20,4,0
20,5,0
20,6,25
20,7,7
20,8,0
20,9,15
20,10,14
20,11,8
20,12,0
20,13,0
20,14,1
20,15,0
20,16,0
20,17,0
20,18,13
20,19,12
20,20,18
20,21,0
20,22,5
20,23,0
20,24,0
21,0,2
21,1,0
21,2,0
21,3,0
21,4,0
21,5,0
21,6,0
21,7,0
21,8,0
21,9,0
21,10,4
21,11,19
21,12,3
21,13,0
21,14,0
21,15,0
21,16,0
21,17,16
21,18,0
21,19,0
21,20,12
21,21,20
21,22,25
21,23,8
21,24,7
22,0,20
22,1,0
22,2,14
22,3,0
22,4,0
22,5,5
22,6,22
22,7,16
22,8,21
22,9,0
22,10,0
22,11,18
22,12,0
22,13,0
22,14,9
22,15,4
22,16,7
22,17,0
22,18,0
22,19,0
22,20,17
22,21,10
22,22,24
22,23,13
22,24,0
23,0,5
23,1,0
23,2,8
23,3,0
23,4,0
23,5,0
23,6,10
23,7,0
23,8,9
23,9,0
23,10,25
23,11,0
23,12,0
23,13,0
23,14,0
23,15,0
23,16,0
23,17,2
23,18,0
23,19,11
23,20,0
23,21,0
23,22,16
23,23,0
23,24,14
24,0,0
24,1,7
24,2,0
24,3,18
24,4,0
24,5,0
24,6,8
24,7,1
24,8,12
24,9,0
24,10,11
24,11,23
24,12,0
24,13,0
24,14,0
24,15,20
24,16,0
24,17,5
24,18,0
24,19,0
24,20,15
24,21,0
24,22,2
24,23,0
24,24,21
