0,0,9
0,1,0
0,2,0
0,3,19
0,4,25
0,5,0
0,6,4
0,7,0
0,8,13
0,9,0
0,10,0
0,11,2
0,12,0
0,13,0
0,14,23
0,15,0
0,16,5
0,17,14
0,18,3
0,19,22
0,20,21
0,21,0
0,22,17
0,23,0
0,24,0
1,0,0
1,1,0
1,2,0
1,3,7
1,4,22
1,5,0
1,6,0
1,7,0
1,8,0
1,9,0
1,10,5
1,11,3
1,12,4
1,13,0
1,14,0
1,15,11
1,16,0
1,17,0
1,18,16
1,19,0
1,20,12
1,21,0
1,22,0
1,23,8
1,24,20
2,0,0
2,1,0
2,2,3
2,3,0
2,4,0
2,5,0
2,6,11
2,7,16
2,8,0
2,9,0
2,10,0
2,11,0
2,12,0
2,13,19
2,14,0
2,15,6
2,16,8
2,17,24
2,18,2
2,19,21
2,20,23
2,21,0
2,22,0
2,23,0
2,24,7
3,0,14
3,1,0
3,2,0
3,3,0
3,4,17
3,5,0
3,6,2
3,7,0
3,8,0
3,9,5
3,10,16
3,11,0
3,12,24
3,13,1
3,14,8
3,15,0
3,16,19
3,17,18
3,18,20
3,19,0
3,20,0
3,21,0
3,22,0
3,23,0
3,24,11
4,0,0
4,1,12
4,2,11
4,3,0
4,4,5
4,5,14
4,6,0
4,7,0
4,8,0
4,9,0
4,10,0
4,11,20
4,12,0
4,13,15
4,14,7
4,15,17
4,16,0
4,17,0
4,18,0
4,19,0
4,20,18
4,21,0
4,22,0
4,23,2
4,24,9
5,0,1
5,1,14
5,2,18
5,3,0
5,4,0
5,5,13
5,6,0
5,7,17
5,8,11
5,9,25
5,10,0
5,11,0
5,12,0
5,13,0
5,14,2
5,15,0
5,16,3
5,17,0
5,18,21
5,19,0
5,20,0
5,21,0
5,22,19
5,23,0
5,24,4
6,0,0
6,1,0
6,2,21
6,3,0
6,4,0
6,5,0
6,6,8
6,7,0
6,8,3
6,9,1
6,10,0
6,11,25
6,12,15
6,13,0
6,14,0
6,15,2
6,16,13
6,17,20
6,18,7
6,19,10
6,20,5
6,21,0
6,22,0
6,23,24
6,24,12
7,0,0
7,1,20
7,2,0
7,3,0
7,4,0
7,5,9
7,6,0
7,7,12
7,8,0
7,9,10
7,10,8
7,11,0
7,12,23
7,13,18
7,14,0
7,15,4
7,16,24
7,17,5
7,18,22
7,19,0
7,20,0
7,21,1
7,22,15
7,23,0
7,24,0
8,0,11
8,1,15
8,2,0
8,3,16
8,4,0
8,5,0
8,6,0
8,7,0
8,8,0
8,9,0
8,10,0
8,11,0
8,12,0
8,13,5
8,14,0
8,15,0
8,16,0
8,17,0
8,18,17
8,19,6
8,20,0
8,21,8
8,22,0
8,23,10
8,24,0
9,0,0
9,1,0
9,2,0
9,3,0
9,4,3
9,5,0
9,6,0
9,7,14
9,8,21
9,9,0
9,10,4
9,11,12
9,12,1
9,13,24
9,14,0
9,15,16
9,16,18
9,17,0
9,18,0
9,19,0
9,20,13
9,21,0
9,22,22
9,23,0
9,24,0
10,0,0
10,1,0
10,2,14
10,3,22
10,4,0
10,5,2
10,6,3
10,7,0
10,8,0
10,9,0
10,10,0
10,11,0
10,12,0
10,13,0
10,14,0
10,15,0
10,16,0
10,17,6
10,18,0
10,19,0
10,20,0
10,21,21
10,22,12
10,23,0
10,24,0
11,0,0
11,1,0
11,2,19
11,3,5
11,4,20
11,5,0
11,6,0
11,7,0
11,8,0
11,9,0
11,10,25
11,11,0
11,12,0
11,13,0
11,14,12
11,15,0
11,16,1
11,17,0
11,18,0
11,19,8
11,20,6
11,21,9
11,22,0
11,23,3
11,24,0
12,0,0
12,1,18
12,2,17
12,3,15
12,4,1
12,5,0
12,6,0
12,7,0
12,8,0
12,9,21
12,10,3
12,11,0
12,12,0
12,13,0
12,14,6
12,15,12
12,16,0
12,17,0
12,18,0
12,19,0
12,20,16
12,21,22
12,22,20
12,23,5
12,24,0
13,0,0
13,1,16
13,2,0
13,3,21
13,4,6
13,5,25
13,6,0
13,7,0
13,8,10
13,9,0
13,10,7
13,11,0
13,12,0
13,13,0
13,14,18
13,15,0
13,16,0
13,17,0
13,18,0
13,19,0
13,20,11
13,21,2
13,22,4
13,23,0
13,24,0
14,0,0
14,1,0
14,2,24
14,3,8
14,4,0
14,5,0
14,6,0
14,7,5
14,8,0
14,9,0
14,10,0
14,11,0
14,12,0
14,13,0
14,14,0
14,15,0
14,16,0
14,17,0
14,18,19
14,19,25
14,20,0
14,21,23
14,22,1
14,23,0
14,24,0
15,0,0
15,1,0
15,2,5
15,3,0
15,4,4
15,5,0
15,6,0
15,7,0
15,8,14
15,9,19
15,10,0
15,11,9
15,12,16
15,13,20
15,14,25
15,15,0
15,16,10
15,17,7
15,18,0
15,19,0
15,20,8
15,21,0
15,22,0
15,23,0
15,24,0
16,0,0
16,1,2
16,2,0
16,3,11
16,4,0
16,5,5
16,6,18
16,7,0
16,8,0
16,9,0
16,10,0
16,11,4
16,12,0
16,13,0
16,14,0
16,15,0
16,16,0
16,17,0
16,18,0
16,19,0
16,20,0
16,21,17
16,22,0
16,23,6
16,24,3
17,0,0
17,1,0
17,2,6
17,3,12
17,4,0
17,5,0
17,6,10
17,7,13
17,8,1
17,9,22
17,10,0
17,11,11
17,12,3
17,13,0
17,14,14
17,15,25
17,16,0
17,17,16
17,18,0
17,19,17
17,20,0
17,21,0
17,22,0
17,23,9
17,24,0
18,0,7
18,1,19
18,2,0
18,3,0
18,4,23
18,5,11
18,6,12
18,7,25
18,8,20
18,9,3
18,10,0
18,11,0
18,12,22
18,13,21
18,14,0
18,15,18
18,16,2
18,17,0
18,18,6
18,19,0
18,20,0
18,21,0
18,22,16
18,23,0
18,24,0
19,0,8
19,1,0
19,2,20
19,3,0
19,4,0
19,5,0
19,6,6
19,7,0
19,8,17
19,9,0
19,10,12
19,11,0
19,12,0
19,13,0
19,14,0
19,15,22
19,16,14
19,17,19
19,18,0
19,19,9
19,20,0
19,21,0
19,22,5
19,23,15
19,24,2
20,0,3
20,1,6
20,2,0
20,3,0
20,4,18
20,5,0
20,6,0
20,7,0
20,8,0
20,9,9
20,10,2
20,11,15
20,12,0
20,13,12
20,14,0
20,15,0
20,16,0
20,17,0
20,18,0
20,19,24
20,20,14
20,21,0
20,22,13
20,23,25
20,24,0
21,0,20
21,1,0
21,2,0
21,3,0
21,4,0
21,5,0
21,6,13
21,7,6
21,8,24
21,9,0
21,10,1
21,11,7
21,12,9
21,13,0
21,14,16
21,15,14
21,16,0
21,17,0
21,18,4
21,19,0
21,20,19
21,21,0
21,22,0
21,23,0
21,24,17
22,0,24
22,1,0
22,2,0
22,3,0
22,4,11
22,5,1
22,6,23
22,7,7
22,8,19
22,9,14
22,10,0
22,11,8
22,12,0
22,13,0
22,14,0
22,15,0
22,16,0
22,17,12
22,18,15
22,19,0
22,20,0
22,21,0
22,22,3
22,23,0
22,24,0
23,0,2
23,1,23
23,2,0
23,3,0
23,4,9
23,5,0
23,6,22
23,7,0
23,8,0
23,9,16
23,10,0
23,11,0
23,12,5
23,13,6
23,14,24
23,15,0
23,16,0
23,17,0
23,18,0
23,19,0
23,20,7
23,21,12
23,22,0
23,23,0
23,24,0
24,0,0
24,1,0
24,2,16
24,3,0
24,4,21
24,5,17
24,6,25
24,7,10
24,8,2
24,9,0
24,10,20
24,11,0
24,12,0
24,13,3
24,14,0
24,15,0
24,16,7
24,17,0
24,18,1
24,19,0
24,20,24
24,21,6
24,22,0
24,23,0
24,24,15
