0,0,0
0,1,3
0,2,0
0,3,0
0,4,0
0,5,0
0,6,24
0,7,9
0,8,0
0,9,0
0,10,22
0,11,14
0,12,8
0,13,0
0,14,23
0,15,0
0,16,0
0,17,0
0,18,0
0,19,2
0,20,0
0,21,0
0,22,4
0,23,17
0,24,0
1,0,4
1,1,0
1,2,0
1,3,20
1,4,0
1,5,19
1,6,12
1,7,0
1,8,0
1,9,0
1,10,0
1,11,18
1,12,17
1,13,0
1,14,0
1,15,0
1,16,13
1,17,6
1,18,0
1,19,0
1,20,0
1,21,3
1,22,0
1,23,2
1,24,0
2,0,7
2,1,1
2,2,0
2,3,22
2,4,18
2,5,11
2,6,4
2,7,0
2,8,0
2,9,0
2,10,0
2,11,13
2,12,0
2,13,16
2,14,0
2,15,0
2,16,0
2,17,0
2,18,0
2,19,0
2,20,6
2,21,10
2,22,25
2,23,0
2,24,12
3,0,17
3,1,13
3,2,0
3,3,0
3,4,0
3,5,0
3,6,21
3,7,1
3,8,25
3,9,10
3,10,0
3,11,0
3,12,0
3,13,0
3,14,0
3,15,0
3,16,0
3,17,24
3,18,18
3,19,15
3,20,23
3,21,0
3,22,0
3,23,19
3,24,5
4,0,0
4,1,0
4,2,16
4,3,0
4,4,23
4,5,7
4,6,0
4,7,2
4,8,0
4,9,18
4,10,0
4,11,20
4,12,0
4,13,25
4,14,15
4,15,0
4,16,3
4,17,10
4,18,17
4,19,19
4,20,8
4,21,1
4,22,0
4,23,0
4,24,0
5,0,0
5,1,0
5,2,0
5,3,0
5,4,0
5,5,0
5,6,0
5,7,0
5,8,9
5,9,1
5,10,13
5,11,0
5,12,0
5,13,0
5,14,0
5,15,0
5,16,5
5,17,0
5,18,16
5,19,0
5,20,12
5,21,6
5,22,0
5,23,0
5,24,10
6,0,0
6,1,21
6,2,13
6,3,0
6,4,24
6,5,15
6,6,2
6,7,5
6,8,19
6,9,11
6,10,6
6,11,0
6,12,3
6,13,0
6,14,10
6,15,25
6,16,0
6,17,0
6,18,12
6,19,22
6,20,18
6,21,0
6,22,9
6,23,7
6,24,0
7,0,10
7,1,0
7,2,0
7,3,15
7,4,22
7,5,0
7,6,0
7,7,6
7,8,0
7,9,16
7,10,12
7,11,0
7,12,21
7,13,0
7,14,0
7,15,0
7,16,0
7,17,18
7,18,11
7,19,24
7,20,13
7,21,8
7,22,19
7,23,0
7,24,0
8,0,0
8,1,0
8,2,0
8,3,0
8,4,11
8,5,0
8,6,17
8,7,0
8,8,0
8,9,13
8,10,0
8,11,0
8,12,0
8,13,7
8,14,8
8,15,14
8,16,0
8,17,3
8,18,10
8,19,0
8,20,2
8,21,0
8,22,1
8,23,4
8,24,22
9,0,0
9,1,17
9,2,0
9,3,16
9,4,1
9,5,8
9,6,0
9,7,0
9,8,0
9,9,12
9,10,0
9,11,0
9,12,20
9,13,0
9,14,0
9,15,0
9,16,9
9,17,0
9,18,2
9,19,0
9,20,3
9,21,0
9,22,15
9,23,25
9,24,0
10,0,23
10,1,19
10,2,5
10,3,1
10,4,12
10,5,18
10,6,16
10,7,0
10,8,0
10,9,9
10,10,17
10,11,0
10,12,0
10,13,13
10,14,0
10,15,8
10,16,0
10,17,0
10,18,21
10,19,0
10,20,20
10,21,14
10,22,10
10,23,0
10,24,0
11,0,11
11,1,7
11,2,0
11,3,9
11,4,0
11,5,0
11,6,19
11,7,8
11,8,4
11,9,0
11,10,0
11,11,3
11,12,0
11,13,0
11,14,0
11,15,18
11,16,0
11,17,23
11,18,0
11,19,12
11,20,25
11,21,0
11,22,0
11,23,0
11,24,0
12,0,24
12,1,15
12,2,0
12,3,0
12,4,0
12,5,0
12,6,0
12,7,21
12,8,10
12,9,0
12,10,0
12,11,0
12,12,23
12,13,0
12,14,0
12,15,0
12,16,16
12,17,2
12,18,0
12,19,0
12,20,0
12,21,0
12,22,0
12,23,8
12,24,11
13,0,0
13,1,0
13,2,0
13,3,0
13,4,21
13,5,25
13,6,0
13,7,15
13,8,0
13,9,17
13,10,0
13,11,0
13,12,0
13,13,8
13,14,0
13,15,0
13,16,7
13,17,9
13,18,19
13,19,0
13,20,0
13,21,23
13,22,0
13,23,6
13,24,4
14,0,0
14,1,0
14,2,22
14,3,6
14,4,8
14,5,0
14,6,1
14,7,0
14,8,0
14,9,20
14,10,0
14,11,15
14,12,0
14,13,0
14,14,25
14,15,5
14,16,0
14,17,0
14,18,3
14,19,10
14,20,7
14,21,19
14,22,17
14,23,21
14,24,18
15,0,0
15,1,23
15,2,17
15,3,0
15,4,2
15,5,0
15,6,15
15,7,0
15,8,1
15,9,0
15,10,0
15,11,0
15,12,13
15,13,0
15,14,0
15,15,10
15,16,0
15,17,0
15,18,0
15,19,21
15,20,11
15,21,22
15,22,0
15,23,24
15,24,0
16,0,12
16,1,24
16,2,10
16,3,0
16,4,4
16,5,0
16,6,11
16,7,25
16,8,0
16,9,19
16,10,18
16,11,6
16,12,0
16,13,0
16,14,0
16,15,17
16,16,0
16,17,0
16,18,1
16,19,0
16,20,21
16,21,0
16,22,0
16,23,0
16,24,0
17,0,0
17,1,0
17,2,7
17,3,18
17,4,15
17,5,14
17,6,5
17,7,10
17,8,0
17,9,0
17,10,0
17,11,0
17,12,9
17,13,0
17,14,1
17,15,3
17,16,0
17,17,8
17,18,0
17,19,0
17,20,16
17,21,17
17,22,0
17,23,0
17,24,23
18,0,0
18,1,5
18,2,21
18,3,0
18,4,13
18,5,22
18,6,20
18,7,0
18,8,0
18,9,2
18,10,8
18,11,0
18,12,15
18,13,0
18,14,3
18,15,9
18,16,18
18,17,19
18,18,24
18,19,11
18,20,4
18,21,0
18,22,14
18,23,1
18,24,0
19,0,1
19,1,0
19,2,0
19,3,11
19,4,6
19,5,0
19,6,18
19,7,0
19,8,23
19,9,0
19,10,0
19,11,0
19,12,0
19,13,0
19,14,19
19,15,22
19,16,2
19,17,0
19,18,0
19,19,0
19,20,0
19,21,0
19,22,0
19,23,0
19,24,0
20,0,0
20,1,0
20,2,0
20,3,4
20,4,5
20,5,17
20,6,7
20,7,11
20,8,18
20,9,0
20,10,19
20,11,21
20,12,0
20,13,10
20,14,0
20,15,12
20,16,0
20,17,13
20,18,0
20,19,3
20,20,14
20,21,0
20,22,6
20,23,0
20,24,0
21,0,15
21,1,10
21,2,0
21,3,0
21,4,16
21,5,1
21,6,23
21,7,12
21,8,0
21,9,0
21,10,0
21,11,0
21,12,0
21,13,0
21,14,0
21,15,2
21,16,6
21,17,25
21,18,9
21,19,0
21,20,0
21,21,0
21,22,0
21,23,22
21,24,24
22,0,18
22,1,0
22,2,11
22,3,12
22,4,17
22,5,0
22,6,0
22,7,0
22,8,0
22,9,0
22,10,0
22,11,23
22,12,0
22,13,24
22,14,0
22,15,0
22,16,0
22,17,0
22,18,20
22,19,14
22,20,10
22,21,4
22,22,0
22,23,5
22,24,8
23,0,0
23,1,6
23,2,0
23,3,13
23,4,0
23,5,0
23,6,0
23,7,24
23,8,22
23,9,0
23,10,0
23,11,0
23,12,12
23,13,20
23,14,0
23,15,0
23,16,0
23,17,0
23,18,7
23,19,17
23,20,0
23,21,21
23,22,0
23,23,0
23,24,1
24,0,0
24,1,14
24,2,19
24,3,0
24,4,0
24,5,2
24,6,0
24,7,0
24,8,0
24,9,0
24,10,15
24,11,0
24,12,4
24,13,6
24,14,18
24,15,0
24,16,0
24,17,1
24,18,5
24,19,0
24,20,0
24,21,0
24,22,0
24,23,3
24,24,0
