0,0,0
0,1,7
0,2,24
0,3,0
0,4,22
0,5,14
0,6,0
0,7,0
0,8,0
0,9,13
0,10,10
0,11,2
0,12,0
0,13,18
0,14,0
0,15,9
0,16,0
0,17,6
0,18,0
0,19,17
0,20,0
0,21,0
0,22,15
0,23,0
0,24,0
1,0,19
1,1,0
1,2,0
1,3,0
1,4,0
1,5,0
1,6,0
1,7,18
1,8,17
1,9,0
1,10,0
1,11,0
1,12,6
1,13,5
1,14,0
1,15,23
1,16,0
1,17,0
1,18,0
1,19,0
1,20,13
1,21,0
1,22,0
1,23,0
1,24,0
2,0,0
2,1,18
2,2,20
2,3,0
2,4,0
2,5,16
2,6,0
2,7,25
2,8,5
2,9,6
2,10,0
2,11,9
2,12,12
2,13,23
2,14,14
2,15,0
2,16,3
2,17,0
2,18,0
2,19,8
2,20,0
2,21,0
2,22,24
2,23,0
2,24,0
3,0,13
3,1,6
3,2,25
3,3,5
3,4,16
3,5,23
3,6,10
3,7,7
3,8,0
3,9,0
3,10,0
3,11,0
3,12,15
3,13,0
3,14,0
3,15,20
3,16,11
3,17,2
3,18,0
3,19,0
3,20,8
3,21,0
3,22,0
3,23,0
3,24,0
4,0,0
4,1,0
4,2,0
4,3,17
4,4,0
4,5,22
4,6,0
4,7,0
4,8,8
4,9,24
4,10,0
4,11,0
4,12,0
4,13,0
4,14,0
4,15,18
4,16,0
4,17,0
4,18,5
4,19,0
4,20,7
4,21,0
4,22,0
4,23,12
4,24,1
5,0,21
5,1,20
5,2,0
5,3,0
5,4,0
5,5,0
5,6,6
5,7,8
5,8,0
5,9,25
5,10,5
5,11,0
5,12,0
5,13,0
5,14,12
5,15,15
5,16,0
5,17,0
5,18,17
5,19,11
5,20,0
5,21,24
5,22,0
5,23,0
5,24,14
6,0,0
6,1,25
6,2,0
6,3,22
6,4,0
6,5,0
6,6,23
6,7,0
6,8,19
6,9,11
6,10,0
6,11,4
6,12,18
6,13,3
6,14,1
6,15,0
6,16,0
6,17,13
6,18,0
6,19,0
6,20,0
6,21,0
6,22,0
6,23,6
6,24,0
7,0,8
7,1,0
7,2,16
7,3,0
7,4,12
7,5,18
7,6,0
7,7,17
7,8,10
7,9,15
7,10,0
7,11,23
7,12,11
7,13,0
7,14,0
7,15,0
7,16,0
7,17,21
7,18,19
7,19,0
7,20,0
7,21,20
7,22,0
7,23,0
7,24,2
8,0,17
8,1,0
8,2,0
8,3,0
8,4,2
8,5,0
8,6,0
8,7,0
8,8,0
8,9,0
8,10,8
8,11,13
8,12,0
8,13,16
8,14,19
8,15,10
8,16,0
8,17,3
8,18,0
8,19,0
8,20,0
8,21,18
8,22,0
8,23,22
8,24,15
9,0,18
9,1,10
9,2,9
9,3,0
9,4,0
9,5,5
9,6,4
9,7,0
9,8,0
9,9,7
9,10,15
9,11,0
9,12,0
9,13,6
9,14,0
9,15,0
9,16,14
9,17,12
9,18,20
9,19,0
9,20,3
9,21,0
9,22,0
9,23,0
9,24,0
10,0,0
10,1,0
10,2,0
10,3,0
10,4,0
10,5,0
10,6,11
10,7,24
10,8,0
10,9,0
10,10,0
10,11,0
10,12,0
10,13,13
10,14,21
10,15,0
10,16,7
10,17,23
10,18,9
10,19,19
10,20,2
10,21,0
10,22,0
10,23,0
10,24,4
11,0,6
11,1,0
11,2,13
11,3,1
11,4,9
11,5,7
11,6,0
11,7,0
11,8,0
11,9,21
11,10,24
11,11,0
11,12,0
11,13,25
11,14,2
11,15,0
11,16,4
11,17,0
11,18,0
11,19,0
11,20,11
11,21,0
11,22,16
11,23,0
11,24,0
12,0,0
12,1,2
12,2,21
12,3,0
12,4,0
12,5,0
12,6,22
12,7,10
12,8,0
12,9,12
12,10,0
12,11,19
12,12,0
12,13,15
12,14,0
12,15,14
12,16,0
12,17,11
12,18,8
12,19,0
12,20,0
12,21,0
12,22,6
12,23,20
12,24,0
13,0,0
13,1,0
13,2,7
13,3,0
13,4,5
13,5,0
13,6,0
13,7,0
13,8,13
13,9,0
13,10,23
13,11,11
13,12,0
13,13,0
13,14,16
13,15,17
13,16,0
13,17,0
13,18,0
13,19,25
13,20,14
13,21,9
13,22,21
13,23,0
13,24,10
14,0,10
14,1,0
14,2,0
14,3,0
14,4,19
14,5,4
14,6,16
14,7,2
14,8,20
14,9,0
14,10,9
14,11,18
14,12,0
14,13,0
14,14,0
14,15,0
14,16,0
14,17,1
14,18,15
14,19,0
14,20,0
14,21,0
14,22,0
14,23,0
14,24,0
15,0,0
15,1,0
15,2,0
15,3,0
15,4,25
15,5,0
15,6,14
15,7,11
15,8,2
15,9,0
15,10,0
15,11,16
15,12,0
15,13,0
15,14,23
15,15,13
15,16,0
15,17,0
15,18,6
15,19,24
15,20,0
15,21,0
15,22,20
15,23,10
15,24,3
16,0,22
16,1,11
16,2,0
16,3,7
16,4,0
16,5,0
16,6,0
16,7,16
16,8,0
16,9,17
16,10,21
16,11,20
16,12,0
16,13,24
16,14,10
16,15,0
16,16,0
16,17,0
16,18,0
16,19,0
16,20,23
16,21,0
16,22,0
16,23,0
16,24,6
17,0,23
17,1,0
17,2,0
17,3,13
17,4,0
17,5,0
17,6,3
17,7,21
17,8,0
17,9,0
17,10,0
17,11,0
17,12,17
17,13,14
17,14,0
17,15,22
17,16,15
17,17,10
17,18,0
17,19,18
17,20,4
17,21,0
17,22,12
17,23,0
17,24,7
18,0,0
18,1,8
18,2,0
18,3,0
18,4,0
18,5,0
18,6,0
18,7,19
18,8,0
18,9,0
18,10,25
18,11,5
18,12,22
18,13,12
18,14,0
18,15,1
18,16,20
18,17,0
18,18,11
18,19,0
18,20,0
18,21,14
18,22,0
18,23,13
18,24,0
19,0,16
19,1,0
19,2,0
19,3,14
19,4,0
19,5,1
19,6,15
19,7,0
19,8,0
19,9,23
19,10,7
19,11,0
19,12,0
19,13,0
19,14,13
19,15,12
19,16,0
19,17,19
19,18,21
19,19,0
19,20,0
19,21,0
19,22,0
19,23,18
19,24,25
20,0,4
20,1,13
20,2,0
20,3,0
20,4,18
20,5,0
20,6,20
20,7,0
20,8,0
20,9,9
20,10,0
20,11,0
20,12,0
20,13,0
20,14,0
20,15,6
20,16,1
20,17,0
20,18,0
20,19,5
20,20,0
20,21,3
20,22,0
20,23,0
20,24,0
21,0,0
21,1,0
21,2,0
21,3,0
21,4,14
21,5,0
21,6,0
21,7,1
21,8,18
21,9,16
21,10,0
21,11,0
21,12,24
21,13,0
21,14,0
21,15,0
21,16,0
21,17,8
21,18,13
21,19,22
21,20,6
21,21,11
21,22,2
21,23,17
21,24,5
22,0,0
22,1,0
22,2,11
22,3,0
22,4,0
22,5,6
22,6,0
22,7,0
22,8,22
22,9,0
22,10,16
22,11,14
22,12,23
22,13,4
22,14,0
22,15,24
22,16,17
22,17,25
22,18,0
22,19,12
22,20,0
22,21,0
22,22,18
22,23,7
22,24,0
23,0,0
23,1,0
23,2,0
23,3,0
23,4,3
23,5,0
23,6,0
23,7,0
23,8,0
23,9,2
23,10,0
23,11,21
23,12,5
23,13,0
23,14,0
23,15,0
23,16,18
23,17,9
23,18,0
23,19,0
23,20,0
23,21,0
23,22,0
23,23,0
23,24,12
24,0,0
24,1,0
24,2,10
24,3,0
24,4,0
24,5,17
24,6,0
24,7,23
24,8,0
24,9,3
24,10,0
24,11,12
24,12,0
24,13,20
24,14,18
24,15,7
24,16,0
24,17,0
24,18,0
24,19,2
24,20,22
24,21,0
24,22,4
24,23,9
24,24,0
