0,0,7
0,1,0
0,2,0
0,3,0
0,4,0
0,5,12
0,6,0
0,7,17
0,8,0
0,9,0
0,10,0
0,11,13
0,12,0
0,13,19
0,14,23
0,15,0
0,16,11
0,17,0
0,18,8
0,19,15
0,20,16
0,21,0
0,22,0
0,23,1
0,24,0
1,0,0
1,1,17
1,2,0
1,3,24
1,4,11
1,5,0
1,6,8
1,7,0
1,8,9
1,9,20
1,10,22
1,11,15
1,12,0
1,13,16
1,14,0
1,15,0
1,16,0
1,17,19
1,18,0
1,19,1
1,20,0
1,21,0
1,22,0
1,23,0
1,24,25
2,0,0
2,1,14
2,2,12
2,3,0
2,4,0
2,5,3
2,6,0
2,7,0
2,8,0
2,9,1
2,10,2
2,11,0
2,12,0
2,13,21
2,14,0
2,15,0
2,16,0
2,17,0
2,18,6
2,19,0
2,20,22
2,21,18
2,22,7
2,23,0
2,24,9
3,0,0
3,1,0
3,2,0
3,3,19
3,4,0
3,5,11
3,6,21
3,7,10
3,8,0
3,9,5
3,10,0
3,11,20
3,12,0
3,13,4
3,14,7
3,15,3
3,16,18
3,17,0
3,18,13
3,19,22
3,20,0
3,21,0
3,22,23
3,23,15
3,24,0
4,0,2
4,1,0
4,2,0
4,3,4
4,4,25
4,5,18
4,6,23
4,7,6
4,8,15
4,9,0
4,10,8
4,11,0
4,12,0
4,13,0
4,14,9
4,15,24
4,16,0
4,17,0
4,18,14
4,19,0
4,20,0
4,21,0
4,22,20
4,23,0
4,24,11
5,0,0
5,1,0
5,2,0
5,3,0
5,4,6
5,5,20
5,6,16
5,7,12
5,8,0
5,9,0
5,10,0
5,11,10
5,12,2
5,13,0
5,14,0
5,15,18
5,16,0
5,17,0
5,18,0
5,19,23
5,20,0
5,21,13
5,22,0
5,23,0
5,24,8
6,0,0
6,1,0
6,2,22
6,3,7
6,4,0
6,5,17
6,6,4
6,7,13
6,8,21
6,9,0
6,10,1
6,11,19
6,12,6
6,13,14
6,14,25
6,15,2
6,16,0
6,17,0
6,18,0
6,19,0
6,20,11
6,21,9
6,22,15
6,23,3
6,24,0
7,0,0
7,1,2
7,2,0
7,3,14
7,4,0
7,5,0
7,6,0
7,7,0
7,8,0
7,9,8
7,10,20
7,11,0
7,12,13
7,13,0
7,14,0
7,15,11
7,16,0
7,17,17
7,18,0
7,19,0
7,20,6
7,21,24
7,22,19
7,23,0
7,24,4
8,0,20
8,1,0
8,2,23
8,3,8
8,4,0
8,5,25
8,6,0
8,7,0
8,8,0
8,9,0
8,10,0
8,11,0
8,12,0
8,13,7
8,14,21
8,15,13
8,16,0
8,17,12
8,18,10
8,19,0
8,20,0
8,21,0
8,22,0
8,23,0
8,24,1
9,0,0
9,1,0
9,2,0
9,3,0
9,4,0
9,5,0
9,6,0
9,7,23
9,8,1
9,9,3
9,10,12
9,11,0
9,12,8
9,13,0
9,14,16
9,15,0
9,16,0
9,17,6
9,18,25
9,19,19
9,20,2
9,21,0
9,22,14
9,23,5
9,24,0
10,0,0
10,1,15
10,2,0
10,3,5
10,4,0
10,5,22
10,6,17
10,7,19
10,8,0
10,9,0
10,10,0
10,11,0
10,12,3
10,13,18
10,14,4
10,15,6
10,16,14
10,17,10
10,18,9
10,19,2
10,20,8
10,21,0
10,22,1
10,23,0
10,24,0
11,0,24
11,1,0
11,2,14
11,3,0
11,4,0
11,5,0
11,6,0
11,7,1
11,8,10
11,9,0
11,10,6
11,11,9
11,12,0
11,13,23
11,14,0
11,15,0
11,16,19
11,17,8
11,18,0
11,19,0
11,20,17
11,21,12
11,22,0
11,23,16
11,24,20
12,0,10
12,1,0
12,2,0
12,3,17
12,4,8
12,5,4
12,6,0
12,7,25
12,8,0
12,9,0
12,10,7
12,11,0
12,12,0
12,13,0
12,14,15
12,15,0
12,16,0
12,17,11
12,18,0
12,19,12
12,20,9
12,21,2
12,22,0
12,23,0
12,24,19
13,0,6
13,1,3
13,2,0
13,3,2
13,4,4
13,5,0
13,6,0
13,7,5
13,8,7
13,9,0
13,10,0
13,11,16
13,12,0
13,13,1
13,14,11
13,15,0
13,16,25
13,17,18
13,18,0
13,19,0
13,20,0
13,21,0
13,22,13
13,23,0
13,24,21
14,0,0
14,1,0
14,2,9
14,3,0
14,4,20
14,5,2
14,6,14
14,7,18
14,8,13
14,9,6
14,10,10
14,11,8
14,12,25
14,13,0
14,14,0
14,15,0
14,16,0
14,17,23
14,18,17
14,19,24
14,20,0
14,21,15
14,22,0
14,23,4
14,24,0
15,0,0
15,1,7
15,2,6
15,3,0
15,4,24
15,5,10
15,6,15
15,7,9
15,8,0
15,9,0
15,10,19
15,11,0
15,12,20
15,13,0
15,14,12
15,15,17
15,16,13
15,17,14
15,18,0
15,19,0
15,20,0
15,21,0
15,22,0
15,23,0
15,24,0
16,0,15
16,1,0
16,2,0
16,3,0
16,4,0
16,5,0
16,6,1
16,7,22
16,8,0
16,9,21
16,10,11
16,11,4
16,12,0
16,13,0
16,14,0
16,15,0
16,16,0
16,17,0
16,18,0
16,19,8
16,20,0
16,21,17
16,22,25
16,23,0
16,24,14
17,0,8
17,1,0
17,2,1
17,3,22
17,4,17
17,5,0
17,6,0
17,7,7
17,8,0
17,9,13
17,10,0
17,11,0
17,12,21
17,13,0
17,14,24
17,15,4
17,16,0
17,17,0
17,18,0
17,19,0
17,20,0
17,21,19
17,22,0
17,23,23
17,24,0
18,0,0
18,1,20
18,2,11
18,3,16
18,4,19
18,5,0
18,6,0
18,7,0
18,8,0
18,9,4
18,10,14
18,11,1
18,12,23
18,13,9
18,14,18
18,15,0
18,16,24
18,17,15
18,18,22
18,19,6
18,20,0
18,21,7
18,22,2
18,23,0
18,24,0
19,0,13
19,1,0
19,2,0
19,3,25
19,4,0
19,5,6
19,6,0
19,7,0
19,8,0
19,9,24
19,10,0
19,11,0
19,12,15
19,13,3
19,14,0
19,15,0
19,16,0
19,17,1
19,18,16
19,19,10
19,20,21
19,21,0
19,22,0
19,23,0
19,24,0
20,0,17
20,1,0
20,2,7
20,3,0
20,4,0
20,5,0
20,6,24
20,7,0
20,8,0
20,9,12
20,10,23
20,11,0
20,12,0
20,13,0
20,14,14
20,15,0
20,16,15
20,17,21
20,18,18
20,19,9
20,20,20
20,21,6
20,22,0
20,23,0
20,24,5
21,0,0
21,1,16
21,2,25
21,3,0
21,4,0
21,5,19
21,6,22
21,7,0
21,8,4
21,9,7
21,10,5
21,11,24
21,12,0
21,13,11
21,14,0
21,15,10
21,16,0
21,17,13
21,18,12
21,19,3
21,20,0
21,21,23
21,22,0
21,23,0
21,24,0
22,0,22
22,1,0
22,2,10
22,3,13
22,4,23
22,5,0
22,6,9
22,7,0
22,8,0
22,9,0
22,10,0
22,11,6
22,12,0
22,13,0
22,14,20
22,15,5
22,16,0
22,17,0
22,18,0
22,19,4
22,20,0
22,21,0
22,22,12
22,23,18
22,24,0
23,0,1
23,1,0
23,2,0
23,3,0
23,4,0
23,5,13
23,6,0
23,7,16
23,8,0
23,9,0
23,10,0
23,11,12
23,12,0
23,13,17
23,14,10
23,15,14
23,16,23
23,17,0
23,18,2
23,19,0
23,20,19
23,21,4
23,22,0
23,23,9
23,24,0
24,0,0
24,1,18
24,2,0
24,3,0
24,4,12
24,5,23
24,6,10
24,7,0
24,8,5
24,9,0
24,10,9
24,11,2
24,12,0
24,13,15
24,14,0
24,15,0
24,16,0
24,17,7
24,18,0
24,19,17
24,20,0
24,21,0
24,22,0
24,23,0
24,24,13
