0,0,17
0,1,0
0,2,0
0,3,7
0,4,20
0,5,15
0,6,0
0,7,0
0,8,0
0,9,0
0,10,0
0,11,0
0,12,10
0,13,22
0,14,0
0,15,0
0,16,2
0,17,4
0,18,0
0,19,6
0,20,0
0,21,0
0,22,0
0,23,24
0,24,18
1,0,21
1,1,13
1,2,0
1,3,1
1,4,15
1,5,14
1,6,0
1,7,5
1,8,0
1,9,0
1,10,25
1,11,16
1,12,0
1,13,0
1,14,11
1,15,7
1,16,0
1,17,10
1,18,0
1,19,18
1,20,0
1,21,0
1,22,0
1,23,0
1,24,0
2,0,19
2,1,0
2,2,0
2,3,0
2,4,12
2,5,18
2,6,0
2,7,8
2,8,0
2,9,0
2,10,0
2,11,5
2,12,0
2,13,6
2,14,0
2,15,3
2,16,13
2,17,9
2,18,0
2,19,0
2,20,0
2,21,0
2,22,4
2,23,0
2,24,0
3,0,0
3,1,11
3,2,0
3,3,10
3,4,9
3,5,0
3,6,0
3,7,0
3,8,6
3,9,21
3,10,0
3,11,0
3,12,0
3,13,17
3,14,2
3,15,19
3,16,0
3,17,0
3,18,5
3,19,0
3,20,8
3,21,1
3,22,12
3,23,7
3,24,25
4,0,0
4,1,0
4,2,8
4,3,0
4,4,14
4,5,16
4,6,13
4,7,0
4,8,10
4,9,23
4,10,0
4,11,9
4,12,3
4,13,0
4,14,0
4,15,0
4,16,0
4,17,0
4,18,15
4,19,0
4,20,0
4,21,6
4,22,5
4,23,11
4,24,17
5,0,0
5,1,12
5,2,1
5,3,0
5,4,0
5,5,5
5,6,0
5,7,0
5,8,0
5,9,0
5,10,0
5,11,0
5,12,0
5,13,19
5,14,0
5,15,15
5,16,0
5,17,14
5,18,25
5,19,22
5,20,0
5,21,0
5,22,13
5,23,0
5,24,10
6,0,0
6,1,0
6,2,0
6,3,19
6,4,8
6,5,0
6,6,9
6,7,0
6,8,0
6,9,16
6,10,0
6,11,0
6,12,0
6,13,0
6,14,0
6,15,0
6,16,23
6,17,20
6,18,2
6,19,13
6,20,1
6,21,14
6,22,22
6,23,0
6,24,4
7,0,14
7,1,0
7,2,0
7,3,0
7,4,0
7,5,1
7,6,19
7,7,17
7,8,0
7,9,0
7,10,0
7,11,13
7,12,24
7,13,0
7,14,25
7,15,0
7,16,0
7,17,0
7,18,9
7,19,5
7,20,6
7,21,3
7,22,0
7,23,23
7,24,0
8,0,0
8,1,7
8,2,0
8,3,0
8,4,0
8,5,20
8,6,0
8,7,4
8,8,21
8,9,0
8,10,23
8,11,2
8,12,1
8,13,14
8,14,15
8,15,0
8,16,12
8,17,16
8,18,0
8,19,3
8,20,0
8,21,0
8,22,0
8,23,0
8,24,0
9,0,0
9,1,2
9,2,0
9,3,16
9,4,0
9,5,10
9,6,24
9,7,18
9,8,0
9,9,0
9,10,4
9,11,3
9,12,22
9,13,20
9,14,0
9,15,0
9,16,17
9,17,0
9,18,0
9,19,0
9,20,0
9,21,19
9,22,7
9,23,8
9,24,12
10,0,0
10,1,17
10,2,0
10,3,0
10,4,23
10,5,0
10,6,0
10,7,7
10,8,0
10,9,0
10,10,11
10,11,12
10,12,0
10,13,0
10,14,10
10,15,0
10,16,0
10,17,21
10,18,20
10,19,4
10,20,0
10,21,24
10,22,19
10,23,0
10,24,8
11,0,7
11,1,9
11,2,0
11,3,3
11,4,0
11,5,0
11,6,0
11,7,13
11,8,0
11,9,14
11,10,0
11,11,20
11,12,6
11,13,0
11,14,4
11,15,17
11,16,1
11,17,15
11,18,0
11,19,0
11,20,0
11,21,11
11,22,0
11,23,25
11,24,22
12,0,0
12,1,0
12,2,0
12,3,0
12,4,0
12,5,6
12,6,16
12,7,22
12,8,0
12,9,5
12,10,0
12,11,17
12,12,19
12,13,1
12,14,0
12,15,2
12,16,0
12,17,8
12,18,3
12,19,7
12,20,0
12,21,0
12,22,0
12,23,0
12,24,0
13,0,22
13,1,6
13,2,0
13,3,13
13,4,0
13,5,0
13,6,0
13,7,1
13,8,4
13,9,10
13,10,24
13,11,0
13,12,18
13,13,2
13,14,0
13,15,25
13,16,0
13,17,19
13,18,0
13,19,0
13,20,0
13,21,21
13,22,0
13,23,17
13,24,7
14,0,8
14,1,0
14,2,15
14,3,11
14,4,0
14,5,9
14,6,17
14,7,12
14,8,0
14,9,0
14,10,3
14,11,0
14,12,0
14,13,21
14,14,16
14,15,0
14,16,0
14,17,5
14,18,0
14,19,0
14,20,23
14,21,0
14,22,0
14,23,1
14,24,0
15,0,15
15,1,24
15,2,13
15,3,22
15,4,0
15,5,0
15,6,0
15,7,0
15,8,17
15,9,0
15,10,0
15,11,8
15,12,14
15,13,3
15,14,23
15,15,0
15,16,0
15,17,18
15,18,16
15,19,12
15,20,0
15,21,20
15,22,0
15,23,5
15,24,0
16,0,0
16,1,0
16,2,0
16,3,0
16,4,0
16,5,3
16,6,0
16,7,15
16,8,24
16,9,0
16,10,19
16,11,25
16,12,20
16,13,18
16,14,9
16,15,0
16,16,22
16,17,2
16,18,0
16,19,21
16,20,0
16,21,0
16,22,0
16,23,10
16,24,0
17,0,0
17,1,25
17,2,0
17,3,17
17,4,10
17,5,22
17,6,5
17,7,0
17,8,0
17,9,0
17,10,12
17,11,0
17,12,16
17,13,4
17,14,0
17,15,0
17,16,0
17,17,1
17,18,24
17,19,11
17,20,0
17,21,0
17,22,0
17,23,0
17,24,6
18,0,9
18,1,0
18,2,19
18,3,5
18,4,21
18,5,23
18,6,18
18,7,6
18,8,7
18,9,0
18,10,0
18,11,0
18,12,0
18,13,0
18,14,0
18,15,20
18,16,0
18,17,0
18,18,14
18,19,0
18,20,12
18,21,17
18,22,0
18,23,0
18,24,0
19,0,2
19,1,0
19,2,20
19,3,0
19,4,0
19,5,12
19,6,14
19,7,16
19,8,0
19,9,9
19,10,0
19,11,15
19,12,0
19,13,0
19,14,0
19,15,0
19,16,0
19,17,0
19,18,0
19,19,19
19,20,0
19,21,0
19,22,21
19,23,4
19,24,0
20,0,4
20,1,22
20,2,24
20,3,6
20,4,0
20,5,0
20,6,25
20,7,0
20,8,0
20,9,0
20,10,0
20,11,0
20,12,2
20,13,11
20,14,0
20,15,12
20,16,21
20,17,0
20,18,18
20,19,8
20,20,7
20,21,0
20,22,1
20,23,0
20,24,0
21,0,12
21,1,8
21,2,14
21,3,15
21,4,3
21,5,0
21,6,23
21,7,0
21,8,0
21,9,7
21,10,16
21,11,6
21,12,0
21,13,0
21,14,0
21,15,11
21,16,19
21,17,0
21,18,0
21,19,0
21,20,13
21,21,5
21,22,0
21,23,9
21,24,0
22,0,0
22,1,0
22,2,7
22,3,0
22,4,0
22,5,0
22,6,0
22,7,9
22,8,20
22,9,12
22,10,0
22,11,19
22,12,0
22,13,25
22,14,0
22,15,0
22,16,0
22,17,24
22,18,0
22,19,23
22,20,18
22,21,0
22,22,0
22,23,0
22,24,15
23,0,0
23,1,0
23,2,0
23,3,0
23,4,0
23,5,4
23,6,0
23,7,14
23,8,0
23,9,18
23,10,7
23,11,0
23,12,0
23,13,15
23,14,12
23,15,0
23,16,0
23,17,3
23,18,0
23,19,9
23,20,10
23,21,25
23,22,0
23,23,22
23,24,21
24,0,11
24,1,5
24,2,0
24,3,0
24,4,0
24,5,8
24,6,0
24,7,24
24,8,19
24,9,0
24,10,0
24,11,23
24,12,21
24,13,0
24,14,0
24,15,0
24,16,0
24,17,0
24,18,0
24,19,15
24,20,4
24,21,12
24,22,0
24,23,0
24,24,16
