0,0,0
0,1,7
0,2,24
0,3,5
0,4,0
0,5,0
0,6,17
0,7,0
0,8,0
0,9,1
0,10,16
0,11,15
0,12,0
0,13,0
0,14,8
0,15,6
0,16,18
0,17,19
0,18,0
0,19,0
0,20,9
0,21,25
0,22,0
0,23,0
0,24,0
1,0,2
1,1,0
1,2,3
1,3,0
1,4,0
1,5,0
1,6,4
1,7,24
1,8,13
1,9,21
1,10,17
1,11,0
1,12,0
1,13,0
1,14,20
1,15,0
1,16,0
1,17,0
1,18,11
1,19,16
1,20,19
1,21,0
1,22,0
1,23,0
1,24,0
2,0,0
2,1,12
2,2,18
2,3,0
2,4,0
2,5,8
2,6,0
2,7,0
2,8,2
2,9,6
2,10,0
2,11,0
2,12,0
2,13,0
2,14,1
2,15,0
2,16,0
2,17,0
2,18,20
2,19,0
2,20,0
2,21,0
2,22,16
2,23,0
2,24,0
3,0,0
3,1,20
3,2,1
3,3,0
3,4,15
3,5,19
3,6,0
3,7,0
3,8,0
3,9,0
3,10,0
3,11,0
3,12,0
3,13,0
3,14,0
3,15,22
3,16,0
3,17,0
3,18,21
3,19,8
3,20,6
3,21,13
3,22,14
3,23,17
3,24,2
4,0,17
4,1,13
4,2,0
4,3,0
4,4,4
4,5,11
4,6,0
4,7,0
4,8,16
4,9,0
4,10,21
4,11,0
4,12,25
4,13,7
4,14,0
4,15,0
4,16,15
4,17,2
4,18,0
4,19,23
4,20,12
4,21,3
4,22,20
4,23,0
4,24,24
5,0,0
5,1,14
5,2,0
5,3,0
5,4,0
5,5,13
5,6,0
5,7,0
5,8,23
5,9,0
5,10,0
5,11,6
5,12,3
5,13,0
5,14,0
5,15,0
5,16,2
5,17,10
5,18,1
5,19,5
5,20,16
5,21,0
5,22,15
5,23,0
5,24,0
6,0,20
6,1,0
6,2,0
6,3,11
6,4,0
6,5,0
6,6,0
6,7,0
6,8,19
6,9,12
6,10,0
6,11,9
6,12,0
6,13,0
6,14,22
6,15,25
6,16,0
6,17,0
6,18,0
6,19,13
6,20,5
6,21,8
6,22,0
6,23,0
6,24,18
7,0,0
7,1,5
7,2,4
7,3,23
7,4,0
7,5,0
7,6,2
7,7,15
7,8,0
7,9,0
7,10,20
7,11,0
7,12,0
7,13,10
7,14,19
7,15,0
7,16,0
7,17,0
7,18,7
7,19,22
7,20,1
7,21,0
7,22,0
7,23,0
7,24,0
8,0,10
8,1,6
8,2,8
8,3,0
8,4,0
8,5,0
8,6,0
8,7,5
8,8,0
8,9,0
8,10,15
8,11,21
8,12,0
8,13,25
8,14,7
8,15,24
8,16,9
8,17,0
8,18,12
8,19,0
8,20,0
8,21,0
8,22,2
8,23,13
8,24,0
9,0,15
9,1,18
9,2,0
9,3,0
9,4,19
9,5,20
9,6,0
9,7,3
9,8,0
9,9,7
9,10,0
9,11,13
9,12,0
9,13,0
9,14,0
9,15,0
9,16,17
9,17,0
9,18,0
9,19,0
9,20,24
9,21,0
9,22,0
9,23,11
9,24,0
10,0,11
10,1,15
10,2,0
10,3,0
10,4,18
10,5,0
10,6,19
10,7,6
10,8,21
10,9,0
10,10,22
10,11,24
10,12,0
10,13,0
10,14,14
10,15,16
10,16,7
10,17,0
10,18,0
10,19,0
10,20,0
10,21,2
10,22,12
10,23,0
10,24,0
11,0,0
11,1,21
11,2,14
11,3,13
11,4,0
11,5,0
11,6,0
11,7,7
11,8,0
11,9,0
11,10,0
11,11,0
11,12,0
11,13,0
11,14,15
11,15,0
11,16,8
11,17,0
11,18,2
11,19,0
11,20,0
11,21,0
11,22,0
11,23,0
11,24,25
12,0,0
12,1,0
12,2,12
12,3,1
12,4,23
12,5,0
12,6,0
12,7,14
12,8,0
12,9,8
12,10,5
12,11,0
12,12,0
12,13,0
12,14,6
12,15,10
12,16,0
12,17,22
12,18,0
12,19,0
12,20,20
12,21,11
12,22,4
12,23,0
12,24,0
13,0,4
13,1,0
13,2,0
13,3,0
13,4,0
13,5,0
13,6,16
13,7,0
13,8,12
13,9,0
13,10,3
13,11,0
13,12,0
13,13,0
13,14,0
13,15,0
13,16,0
13,17,11
13,18,0
13,19,0
13,20,0
13,21,9
13,22,21
13,23,23
13,24,0
14,0,0
14,1,0
14,2,16
14,3,25
14,4,0
14,5,0
14,6,0
14,7,0
14,8,24
14,9,23
14,10,12
14,11,0
14,12,0
14,13,2
14,14,11
14,15,0
14,16,19
14,17,4
14,18,9
14,19,0
14,20,13
14,21,0
14,22,0
14,23,6
14,24,7
15,0,0
15,1,11
15,2,0
15,3,0
15,4,24
15,5,0
15,6,0
15,7,0
15,8,1
15,9,0
15,10,0
15,11,0
15,12,0
15,13,9
15,14,0
15,15,5
15,16,0
15,17,16
15,18,0
15,19,20
15,20,2
15,21,0
15,22,0
15,23,15
15,24,8
16,0,0
16,1,4
16,2,23
16,3,0
16,4,0
16,5,0
16,6,24
16,7,0
16,8,18
16,9,17
16,10,14
16,11,20
16,12,0
16,13,6
16,14,12
16,15,0
16,16,0
16,17,1
16,18,0
16,19,0
16,20,0
16,21,0
16,22,5
16,23,22
16,24,11
17,0,0
17,1,0
17,2,0
17,3,0
17,4,8
17,5,12
17,6,15
17,7,0
17,8,0
17,9,0
17,10,2
17,11,25
17,12,0
17,13,0
17,14,13
17,15,0
17,16,0
17,17,6
17,18,3
17,19,0
17,20,0
17,21,23
17,22,18
17,23,24
17,24,0
18,0,3
18,1,0
18,2,0
18,3,15
18,4,12
18,5,5
18,6,0
18,7,0
18,8,0
18,9,2
18,10,24
18,11,0
18,12,0
18,13,8
18,14,0
18,15,23
18,16,11
18,17,0
18,18,0
18,19,0
18,20,0
18,21,10
18,22,0
18,23,0
18,24,21
19,0,0
19,1,0
19,2,5
19,3,0
19,4,2
19,5,23
19,6,14
19,7,21
19,8,11
19,9,0
19,10,0
19,11,0
19,12,7
19,13,15
19,14,0
19,15,0
19,16,24
19,17,0
19,18,0
19,19,19
19,20,0
19,21,0
19,22,0
19,23,9
19,24,0
20,0,12
20,1,0
20,2,21
20,3,18
20,4,20
20,5,6
20,6,0
20,7,19
20,8,14
20,9,0
20,10,0
20,11,23
20,12,10
20,13,0
20,14,5
20,15,0
20,16,13
20,17,0
20,18,0
20,19,4
20,20,15
20,21,0
20,22,0
20,23,2
20,24,9
21,0,16
21,1,22
21,2,25
21,3,24
21,4,1
21,5,3
21,6,21
21,7,0
21,8,0
21,9,20
21,10,0
21,11,0
21,12,0
21,13,0
21,14,0
21,15,0
21,16,0
21,17,0
21,18,0
21,19,6
21,20,8
21,21,0
21,22,11
21,23,10
21,24,0
22,0,0
22,1,0
22,2,13
22,3,0
22,4,0
22,5,0
22,6,11
22,7,0
22,8,0
22,9,0
22,10,19
22,11,0
22,12,0
22,13,0
22,14,0
22,15,3
22,16,25
22,17,0
22,18,0
22,19,10
22,20,0
22,21,0
22,22,22
22,23,1
22,24,0
23,0,0
23,1,0
23,2,0
23,3,0
23,4,17
23,5,25
23,6,12
23,7,0
23,8,0
23,9,0
23,10,7
23,11,0
23,12,0
23,13,0
23,14,4
23,15,8
23,16,1
23,17,9
23,18,14
23,19,0
23,20,0
23,21,0
23,22,24
23,23,0
23,24,3
24,0,0
24,1,0
24,2,0
24,3,14
24,4,3
24,5,0
24,6,0
24,7,16
24,8,9
24,9,5
24,10,6
24,11,0
24,12,0
24,13,18
24,14,24
24,15,20
24,16,0
24,17,0
24,18,22
24,19,0
24,20,0
24,21,4
24,22,7
24,23,19
24,24,0
