0,0,11
0,1,0
0,2,0
0,3,22
0,4,0
0,5,0
0,6,0
0,7,13
0,8,5
0,9,0
0,10,0
0,11,10
0,12,24
0,13,0
0,14,0
0,15,0
0,16,0
0,17,6
0,18,0
0,19,2
0,20,0
0,21,17
0,22,0
0,23,0
0,24,18
1,0,0
1,1,12
1,2,0
1,3,0
1,4,24
1,5,11
1,6,0
1,7,0
1,8,0
1,9,20
1,10,0
1,11,2
1,12,0
1,13,5
1,14,0
1,15,17
1,16,0
1,17,10
1,18,0
1,19,0
1,20,13
1,21,4
1,22,8
1,23,6
1,24,0
2,0,10
2,1,0
2,2,0
2,3,0
2,4,0
2,5,0
2,6,0
2,7,15
2,8,1
2,9,0
2,10,6
2,11,0
2,12,17
2,13,14
2,14,22
2,15,11
2,16,13
2,17,18
2,18,7
2,19,8
2,20,12
2,21,0
2,22,20
2,23,0
2,24,0
3,0,0
3,1,0
3,2,0
3,3,0
3,4,17
3,5,0
3,6,0
3,7,0
3,8,10
3,9,0
3,10,12
3,11,11
3,12,20
3,13,0
3,14,0
3,15,0
3,16,0
3,17,22
3,18,0
3,19,14
3,20,0
3,21,24
3,22,1
3,23,0
3,24,0
4,0,0
4,1,0
4,2,25
4,3,0
4,4,20
4,5,0
4,6,3
4,7,0
4,8,0
4,9,14
4,10,0
4,11,18
4,12,0
4,13,8
4,14,0
4,15,0
4,16,0
4,17,12
4,18,5
4,19,0
4,20,22
4,21,0
4,22,0
4,23,0
4,24,19
5,0,0
5,1,0
5,2,0
5,3,3
5,4,23
5,5,0
5,6,0
5,7,0
5,8,0
5,9,21
5,10,24
5,11,13
5,12,0
5,13,19
5,14,0
5,15,0
5,16,16
5,17,0
5,18,15
5,19,20
5,20,0
5,21,5
5,22,0
5,23,25
5,24,0
6,0,0
6,1,0
6,2,0
6,3,0
6,4,11
6,5,9
6,6,0
6,7,0
6,8,24
6,9,25
6,10,0
6,11,0
6,12,0
6,13,15
6,14,0
6,15,0
6,16,0
6,17,7
6,18,8
6,19,0
6,20,19
6,21,0
6,22,0
6,23,17
6,24,2
7,0,13
7,1,22
7,2,0
7,3,8
7,4,18
7,5,0
7,6,0
7,7,20
7,8,4
7,9,6
7,10,0
7,11,1
7,12,0
7,13,0
7,14,0
7,15,19
7,16,0
7,17,9
7,18,0
7,19,0
7,20,0
7,21,0
7,22,7
7,23,11
7,24,3
8,0,1
8,1,10
8,2,2
8,3,0
8,4,0
8,5,0
8,6,13
8,7,0
8,8,0
8,9,0
8,10,9
8,11,6
8,12,18
8,13,16
8,14,14
8,15,0
8,16,11
8,17,0
8,18,0
8,19,0
8,20,0
8,21,0
8,22,0
8,23,23
8,24,0
9,0,0
9,1,0
9,2,9
9,3,0
9,4,0
9,5,1
9,6,0
9,7,11
9,8,0
9,9,0
9,10,8
9,11,21
9,12,7
9,13,0
9,14,0
9,15,0
9,16,0
9,17,5
9,18,0
9,19,10
9,20,0
9,21,18
9,22,0
9,23,22
9,24,6
10,0,8
10,1,0
10,2,12
10,3,0
10,4,0
10,5,21
10,6,14
10,7,25
10,8,20
10,9,0
10,10,0
10,11,0
10,12,2
10,13,0
10,14,0
10,15,0
10,16,3
10,17,0
10,18,13
10,19,0
10,20,18
10,21,10
10,22,23
10,23,1
10,24,16
11,0,0
11,1,18
11,2,20
11,3,7
11,4,6
11,5,0
11,6,23
11,7,0
11,8,0
11,9,0
11,10,0
11,11,12
11,12,16
11,13,0
11,14,5
11,15,25
11,16,0
11,17,0
11,18,0
11,19,21
11,20,0
11,21,22
11,22,0
11,23,0
11,24,4
12,0,15
12,1,0
12,2,0
12,3,0
12,4,10
12,5,18
12,6,0
12,7,0
12,8,0
12,9,0
12,10,0
12,11,0
12,12,0
12,13,0
12,14,0
12,15,0
12,16,0
12,17,0
12,18,0
12,19,19
12,20,24
12,21,0
12,22,0
12,23,0
12,24,7
13,0,24
13,1,0
13,2,0
13,3,19
13,4,0
13,5,12
13,6,0
13,7,0
13,8,0
13,9,13
13,10,17
13,11,0
13,12,14
13,13,22
13,14,0
13,15,0
13,16,0
13,17,0
13,18,2
13,19,0
13,20,11
13,21,3
13,22,9
13,23,15
13,24,0
14,0,2
14,1,1
14,2,13
14,3,23
14,4,4
14,5,0
14,6,5
14,7,0
14,8,3
14,9,0
14,10,0
14,11,0
14,12,6
14,13,0
14,14,0
14,15,0
14,16,8
14,17,17
14,18,22
14,19,9
14,20,0
14,21,0
14,22,25
14,23,0
14,24,12
15,0,20
15,1,11
15,2,0
15,3,10
15,4,0
15,5,25
15,6,0
15,7,14
15,8,0
15,9,0
15,10,0
15,11,0
15,12,19
15,13,6
15,14,13
15,15,0
15,16,0
15,17,8
15,18,0
15,19,4
15,20,0
15,21,0
15,22,24
15,23,0
15,24,0
16,0,0
16,1,7
16,2,0
16,3,0
16,4,0
16,5,0
16,6,0
16,7,0
16,8,9
16,9,0
16,10,20
16,11,14
16,12,22
16,13,23
16,14,18
16,15,0
16,16,0
16,17,0
16,18,12
16,19,0
16,20,0
16,21,0
16,22,19
16,23,3
16,24,1
17,0,12
17,1,9
17,2,24
17,3,0
17,4,0
17,5,0
17,6,0
17,7,22
17,8,0
17,9,19
17,10,0
17,11,0
17,12,0
17,13,17
17,14,0
17,15,10
17,16,18
17,17,25
17,18,0
17,19,0
17,20,14
17,21,11
17,22,0
17,23,2
17,24,23
18,0,25
18,1,2
18,2,0
18,3,0
18,4,22
18,5,0
18,6,15
18,7,16
18,8,0
18,9,0
18,10,0
18,11,9
18,12,0
18,13,0
18,14,0
18,15,21
18,16,23
18,17,0
18,18,0
18,19,17
18,20,5
18,21,0
18,22,0
18,23,0
18,24,0
19,0,0
19,1,14
19,2,0
19,3,6
19,4,0
19,5,17
19,6,11
19,7,0
19,8,12
19,9,0
19,10,0
19,11,16
19,12,0
19,13,25
19,14,10
19,15,22
19,16,0
19,17,0
19,18,0
19,19,0
19,20,9
19,21,8
19,22,0
19,23,0
19,24,0
20,0,18
20,1,0
20,2,0
20,3,0
20,4,8
20,5,0
20,6,16
20,7,21
20,8,0
20,9,0
20,10,0
20,11,15
20,12,0
20,13,7
20,14,0
20,15,2
20,16,0
20,17,0
20,18,20
20,19,0
20,20,25
20,21,0
20,22,6
20,23,0
20,24,0
21,0,0
21,1,0
21,2,10
21,3,15
21,4,0
21,5,14
21,6,0
21,7,17
21,8,0
21,9,0
21,10,0
21,11,0
21,12,9
21,13,20
21,14,16
21,15,0
21,16,19
21,17,0
21,18,0
21,19,0
21,20,3
21,21,0
21,22,0
21,23,0
21,24,0
22,0,0
22,1,0
22,2,3
22,3,0
22,4,25
22,5,23
22,6,9
22,7,1
22,8,8
22,9,24
22,10,10
22,11,4
22,12,11
22,13,0
22,14,2
22,15,0
22,16,22
22,17,21
22,18,0
22,19,0
22,20,0
22,21,0
22,22,0
22,23,0
22,24,15
23,0,0
23,1,13
23,2,21
23,3,20
23,4,16
23,5,0
23,6,0
23,7,19
23,8,0
23,9,10
23,10,0
23,11,5
23,12,0
23,13,12
23,14,0
23,15,4
23,16,0
23,17,0
23,18,0
23,19,15
23,20,7
23,21,0
23,22,0
23,23,24
23,24,0
24,0,19
24,1,0
24,2,0
24,3,2
24,4,0
24,5,6
24,6,0
24,7,5
24,8,0
24,9,0
24,10,0
24,11,0
24,12,13
24,13,3
24,14,0
24,15,0
24,16,10
24,17,23
24,18,0
24,19,0
24,20,0
24,21,16
24,22,0
24,23,0
24,24,8
