0,0,11
0,1,0
0,2,0
0,3,0
0,4,12
0,5,0
0,6,0
0,7,13
0,8,20
0,9,2
0,10,0
0,11,0
0,12,0
0,13,0
0,14,0
0,15,17
0,16,16
0,17,22
0,18,0
0,19,9
0,20,0
0,21,19
0,22,0
0,23,25
0,24,0
1,0,0
1,1,21
1,2,0
1,3,0
1,4,0
1,5,0
1,6,7
1,7,18
1,8,11
1,9,3
1,10,0
1,11,0
1,12,0
1,13,0
1,14,0
1,15,0
1,16,0
1,17,15
1,18,0
1,19,0
1,20,13
1,21,20
1,22,0
1,23,8
1,24,16
2,0,0
2,1,0
2,2,9
2,3,0
2,4,0
2,5,6
2,6,4
2,7,12
2,8,17
2,9,0
2,10,0
2,11,14
2,12,0
2,13,21
2,14,0
2,15,19
2,16,24
2,17,0
2,18,23
2,19,0
2,20,0
2,21,7
2,22,2
2,23,3
2,24,0
3,0,13
3,1,14
3,2,16
3,3,0
3,4,24
3,5,21
3,6,25
3,7,0
3,8,0
3,9,19
3,10,0
3,11,6
3,12,0
3,13,0
3,14,0
3,15,0
3,16,0
3,17,0
3,18,0
3,19,10
3,20,0
3,21,15
3,22,9
3,23,23
3,24,0
4,0,4
4,1,2
4,2,7
4,3,22
4,4,0
4,5,0
4,6,0
4,7,0
4,8,0
4,9,0
4,10,13
4,11,9
4,12,0
4,13,3
4,14,20
4,15,12
4,16,25
4,17,0
4,18,0
4,19,0
4,20,14
4,21,0
4,22,0
4,23,6
4,24,0
5,0,7
5,1,0
5,2,0
5,3,2
5,4,18
5,5,19
5,6,8
5,7,0
5,8,4
5,9,24
5,10,0
5,11,23
5,12,14
5,13,0
5,14,21
5,15,0
5,16,0
5,17,13
5,18,16
5,19,0
5,20,0
5,21,0
5,22,0
5,23,9
5,24,0
6,0,0
6,1,0
6,2,0
6,3,6
6,4,11
6,5,7
6,6,5
6,7,14
6,8,18
6,9,15
6,10,1
6,11,0
6,12,0
6,13,10
6,14,17
6,15,8
6,16,3
6,17,0
6,18,0
6,19,21
6,20,25
6,21,0
6,22,0
6,23,0
6,24,0
7,0,25
7,1,0
7,2,23
7,3,0
7,4,0
7,5,0
7,6,0
7,7,0
7,8,1
7,9,0
7,10,0
7,11,15
7,12,3
7,13,0
7,14,0
7,15,0
7,16,0
7,17,0
7,18,0
7,19,0
7,20,12
7,21,14
7,22,0
7,23,0
7,24,0
8,0,0
8,1,0
8,2,0
8,3,10
8,4,15
8,5,0
8,6,16
8,7,3
8,8,0
8,9,12
8,10,9
8,11,13
8,12,2
8,13,0
8,14,0
8,15,0
8,16,0
8,17,0
8,18,0
8,19,0
8,20,0
8,21,0
8,22,0
8,23,24
8,24,0
9,0,24
9,1,3
9,2,14
9,3,12
9,4,13
9,5,0
9,6,0
9,7,0
9,8,0
9,9,21
9,10,0
9,11,18
9,12,5
9,13,0
9,14,4
9,15,25
9,16,0
9,17,0
9,18,0
9,19,0
9,20,0
9,21,8
9,22,6
9,23,15
9,24,19
10,0,0
10,1,0
10,2,0
10,3,0
10,4,0
10,5,0
10,6,0
10,7,8
10,8,0
10,9,0
10,10,20
10,11,0
10,12,0
10,13,0
10,14,15
10,15,0
10,16,0
10,17,0
10,18,10
10,19,2
10,20,22
10,21,21
10,22,19
10,23,11
10,24,1
11,0,12
11,1,0
11,2,0
11,3,16
11,4,0
11,5,0
11,6,6
11,7,4
11,8,3
11,9,0
11,10,0
11,11,0
11,12,0
11,13,0
11,14,23
11,15,14
11,16,8
11,17,25
11,18,20
11,19,0
11,20,5
11,21,0
11,22,0
11,23,0
11,24,13
12,0,22
12,1,0
12,2,18
12,3,4
12,4,6
12,5,0
12,6,1
12,7,7
12,8,21
12,9,0
12,10,3
12,11,0
12,12,0
12,13,0
12,14,5
12,15,0
12,16,15
12,17,9
12,18,19
12,19,0
12,20,2
12,21,23
12,22,12
12,23,0
12,24,20
13,0,14
13,1,0
13,2,0
13,3,0
13,4,25
13,5,0
13,6,13
13,7,22
13,8,15
13,9,23
13,10,10
13,11,0
13,12,0
13,13,0
13,14,0
13,15,0
13,16,7
13,17,5
13,18,4
13,19,0
13,20,0
13,21,16
13,22,0
13,23,0
13,24,8
14,0,15
14,1,13
14,2,10
14,3,5
14,4,20
14,5,18
14,6,17
14,7,0
14,8,0
14,9,0
14,10,14
14,11,0
14,12,0
14,13,0
14,14,22
14,15,0
14,16,0
14,17,23
14,18,0
14,19,0
14,20,0
14,21,0
14,22,0
14,23,0
14,24,0
15,0,20
15,1,24
15,2,11
15,3,15
15,4,0
15,5,0
15,6,0
15,7,0
15,8,0
15,9,4
15,10,6
15,11,0
15,12,8
15,13,22
15,14,0
15,15,2
15,16,0
15,17,0
15,18,0
15,19,0
15,20,3
15,21,1
15,22,21
15,23,12
15,24,14
16,0,0
16,1,5
16,2,0
16,3,0
16,4,0
16,5,0
16,6,0
16,7,0
16,8,0
16,9,0
16,10,0
16,11,0
16,12,4
16,13,15
16,14,10
16,15,11
16,16,0
16,17,16
16,18,1
16,19,0
16,20,8
16,21,18
16,22,0
16,23,0
16,24,0
17,0,0
17,1,0
17,2,0
17,3,14
17,4,23
17,5,0
17,6,0
17,7,0
17,8,0
17,9,0
17,10,0
17,11,0
17,12,11
17,13,16
17,14,0
17,15,0
17,16,12
17,17,0
17,18,0
17,19,0
17,20,0
17,21,0
17,22,20
17,23,0
17,24,22
18,0,0
18,1,0
18,2,0
18,3,0
18,4,9
18,5,24
18,6,0
18,7,0
18,8,8
18,9,7
18,10,23
18,11,2
18,12,0
18,13,0
18,14,3
18,15,18
18,16,20
18,17,6
18,18,21
18,19,5
18,20,15
18,21,17
18,22,0
18,23,0
18,24,0
19,0,0
19,1,18
19,2,0
19,3,0
19,4,0
19,5,0
19,6,3
19,7,16
19,8,0
19,9,0
19,10,24
19,11,0
19,12,20
19,13,1
19,14,0
19,15,13
19,16,19
19,17,0
19,18,22
19,19,8
19,20,23
19,21,11
19,22,0
19,23,0
19,24,5
20,0,0
20,1,12
20,2,0
20,3,0
20,4,22
20,5,0
20,6,0
20,7,0
20,8,16
20,9,25
20,10,21
20,11,1
20,12,0
20,13,20
20,14,14
20,15,0
20,16,0
20,17,0
20,18,0
20,19,0
20,20,0
20,21,3
20,22,17
20,23,5
20,24,15
21,0,0
21,1,11
21,2,13
21,3,18
21,4,0
21,5,4
21,6,0
21,7,0
21,8,0
21,9,0
21,10,0
21,11,0
21,12,0
21,13,25
21,14,0
21,15,24
21,16,0
21,17,0
21,18,5
21,19,15
21,20,20
21,21,0
21,22,14
21,23,1
21,24,9
22,0,0
22,1,25
22,2,3
22,3,20
22,4,0
22,5,0
22,6,15
22,7,0
22,8,24
22,9,22
22,10,0
22,11,19
22,12,0
22,13,17
22,14,0
22,15,0
22,16,18
22,17,12
22,18,8
22,19,16
22,20,0
22,21,0
22,22,4
22,23,0
22,24,0
23,0,21
23,1,7
23,2,0
23,3,9
23,4,4
23,5,0
23,6,0
23,7,20
23,8,0
23,9,0
23,10,0
23,11,0
23,12,0
23,13,0
23,14,0
23,15,23
23,16,6
23,17,14
23,18,17
23,19,0
23,20,0
23,21,0
23,22,0
23,23,18
23,24,0
24,0,0
24,1,15
24,2,0
24,3,19
24,4,0
24,5,8
24,6,0
24,7,23
24,8,5
24,9,17
24,10,0
24,11,0
24,12,0
24,13,0
24,14,0
24,15,21
24,16,9
24,17,20
24,18,0
24,19,0
24,20,24
24,21,0
24,22,0
24,23,0
24,24,11
