0,0,16
0,1,6
0,2,0
0,3,0
0,4,0
0,5,0
0,6,0
0,7,3
0,8,0
0,9,2
0,10,19
0,11,10
0,12,0
0,13,1
0,14,0
0,15,0
0,16,0
0,17,13
0,18,0
0,19,17
0,20,11
0,21,7
0,22,0
0,23,0
0,24,0
1,0,9
1,1,3
1,2,0
1,3,0
1,4,23
1,5,13
1,6,12
1,7,20
1,8,0
1,9,0
1,10,15
1,11,6
1,12,0
1,13,0
1,14,5
1,15,0
1,16,0
1,17,11
1,18,0
1,19,0
1,20,0
1,21,21
1,22,18
1,23,19
1,24,0
2,0,4
2,1,24
2,2,1
2,3,10
2,4,0
2,5,0
2,6,23
2,7,0
2,8,11
2,9,0
2,10,0
2,11,0
2,12,0
2,13,0
2,14,0
2,15,5
2,16,0
2,17,0
2,18,18
2,19,0
2,20,8
2,21,0
2,22,0
2,23,0
2,24,0
3,0,21
3,1,0
3,2,0
3,3,0
3,4,0
3,5,18
3,6,10
3,7,0
3,8,8
3,9,19
3,10,17
3,11,22
3,12,0
3,13,12
3,14,0
3,15,0
3,16,23
3,17,0
3,18,0
3,19,0
3,20,4
3,21,25
3,22,0
3,23,15
3,24,0
4,0,0
4,1,18
4,2,0
4,3,0
4,4,17
4,5,0
4,6,0
4,7,6
4,8,0
4,9,0
4,10,11
4,11,0
4,12,23
4,13,0
4,14,7
4,15,21
4,16,16
4,17,19
4,18,8
4,19,15
4,20,5
4,21,3
4,22,0
4,23,0
4,24,20
5,0,24
5,1,0
5,2,0
5,3,0
5,4,0
5,5,0
5,6,0
5,7,0
5,8,0
5,9,3
5,10,0
5,11,0
5,12,20
5,13,0
5,14,9
5,15,0
5,16,0
5,17,0
5,18,16
5,19,0
5,20,10
5,21,0
5,22,0
5,23,0
5,24,25
6,0,0
6,1,4
6,2,17
6,3,0
6,4,0
6,5,16
6,6,25
6,7,1
6,8,6
6,9,0
6,10,0
6,11,0
6,12,5
6,13,24
6,14,0
6,15,0
6,16,8
6,17,0
6,18,0
6,19,19
6,20,0
6,21,9
6,22,0
6,23,0
6,24,22
7,0,19
7,1,21
7,2,0
7,3,0
7,4,10
7,5,0
7,6,2
7,7,7
7,8,23
7,9,0
7,10,0
7,11,25
7,12,1
7,13,0
7,14,0
7,15,0
7,16,0
7,17,0
7,18,0
7,19,0
7,20,3
7,21,0
7,22,11
7,23,13
7,24,0
8,0,0
8,1,0
8,2,20
8,3,0
8,4,15
8,5,0
8,6,0
8,7,4
8,8,0
8,9,0
8,10,16
8,11,18
8,12,0
8,13,11
8,14,23
8,15,0
8,16,25
8,17,0
8,18,7
8,19,2
8,20,0
8,21,0
8,22,5
8,23,0
8,24,0
9,0,0
9,1,5
9,2,25
9,3,0
9,4,18
9,5,15
9,6,0
9,7,0
9,8,13
9,9,0
9,10,4
9,11,2
9,12,0
9,13,0
9,14,3
9,15,17
9,16,0
9,17,21
9,18,0
9,19,0
9,20,7
9,21,20
9,22,0
9,23,0
9,24,0
10,0,0
10,1,12
10,2,19
10,3,0
10,4,6
10,5,0
10,6,0
10,7,11
10,8,24
10,9,0
10,10,14
10,11,0
10,12,0
10,13,0
10,14,0
10,15,3
10,16,5
10,17,15
10,18,0
10,19,18
10,20,21
10,21,0
10,22,0
10,23,8
10,24,0
11,0,0
11,1,1
11,2,8
11,3,18
11,4,0
11,5,0
11,6,0
11,7,13
11,8,12
11,9,6
11,10,0
11,11,5
11,12,0
11,13,10
11,14,20
11,15,14
11,16,0
11,17,0
11,18,0
11,19,21
11,20,19
11,21,16
11,22,0
11,23,23
11,24,3
12,0,0
12,1,0
12,2,2
12,3,0
12,4,5
12,5,0
12,6,3
12,7,0
12,8,0
12,9,8
12,10,24
12,11,0
12,12,0
12,13,0
12,14,1
12,15,4
12,16,0
12,17,0
12,18,23
12,19,0
12,20,6
12,21,0
12,22,25
12,23,0
12,24,0
13,0,3
13,1,14
13,2,0
13,3,13
13,4,24
13,5,1
13,6,0
13,7,0
13,8,0
13,9,5
13,10,23
13,11,19
13,12,0
13,13,25
13,14,0
13,15,8
13,16,10
13,17,7
13,18,0
13,19,0
13,20,0
13,21,4
13,22,22
13,23,9
13,24,0
14,0,0
14,1,15
14,2,0
14,3,0
14,4,20
14,5,23
14,6,0
14,7,14
14,8,10
14,9,25
14,10,0
14,11,0
14,12,0
14,13,0
14,14,8
14,15,0
14,16,22
14,17,2
14,18,0
14,19,0
14,20,1
14,21,0
14,22,12
14,23,7
14,24,0
15,0,0
15,1,0
15,2,0
15,3,4
15,4,9
15,5,0
15,6,0
15,7,2
15,8,0
15,9,7
15,10,12
15,11,0
15,12,0
15,13,15
15,14,11
15,15,0
15,16,6
15,17,0
15,18,0
15,19,16
15,20,13
15,21,0
15,22,1
15,23,17
15,24,0
16,0,0
16,1,0
16,2,12
16,3,0
16,4,0
16,5,10
16,6,5
16,7,0
16,8,4
16,9,0
16,10,25
16,11,13
16,12,0
16,13,20
16,14,22
16,15,0
16,16,0
16,17,14
16,18,0
16,19,0
16,20,18
16,21,0
16,22,15
16,23,0
16,24,0
17,0,0
17,1,23
17,2,18
17,3,0
17,4,1
17,5,0
17,6,0
17,7,0
17,8,0
17,9,0
17,10,0
17,11,0
17,12,17
17,13,16
17,14,0
17,15,0
17,16,2
17,17,8
17,18,10
17,19,0
17,20,9
17,21,0
17,22,0
17,23,3
17,24,4
18,0,6
18,1,0
18,2,0
18,3,11
18,4,0
18,5,8
18,6,0
18,7,0
18,8,9
18,9,0
18,10,0
18,11,23
18,12,10
18,13,0
18,14,0
18,15,0
18,16,17
18,17,18
18,18,21
18,19,7
18,20,0
18,21,0
18,22,24
18,23,16
18,24,0
19,0,22
19,1,0
19,2,0
19,3,0
19,4,8
19,5,0
19,6,14
19,7,0
19,8,0
19,9,0
19,10,18
19,11,0
19,12,3
19,13,0
19,14,0
19,15,11
19,16,0
19,17,0
19,18,0
19,19,0
19,20,0
19,21,0
19,22,0
19,23,0
19,24,19
20,0,20
20,1,0
20,2,0
20,3,25
20,4,12
20,5,11
20,6,24
20,7,18
20,8,3
20,9,4
20,10,5
20,11,0
20,12,8
20,13,0
20,14,15
20,15,0
20,16,0
20,17,10
20,18,0
20,19,0
20,20,14
20,21,0
20,22,0
20,23,2
20,24,0
21,0,0
21,1,10
21,2,0
21,3,17
21,4,16
21,5,0
21,6,0
21,7,0
21,8,25
21,9,0
21,10,0
21,11,21
21,12,0
21,13,7
21,14,2
21,15,24
21,16,18
21,17,0
21,18,4
21,19,3
21,20,0
21,21,0
21,22,0
21,23,0
21,24,9
22,0,0
22,1,0
22,2,0
22,3,0
22,4,21
22,5,0
22,6,17
22,7,0
22,8,0
22,9,13
22,10,0
22,11,0
22,12,0
22,13,0
22,14,0
22,15,0
22,16,7
22,17,0
22,18,15
22,19,0
22,20,0
22,21,11
22,22,20
22,23,18
22,24,6
23,0,0
23,1,2
23,2,9
23,3,6
23,4,0
23,5,0
23,6,0
23,7,15
23,8,0
23,9,0
23,10,10
23,11,0
23,12,0
23,13,22
23,14,4
23,15,0
23,16,0
23,17,5
23,18,13
23,19,14
23,20,16
23,21,0
23,22,0
23,23,24
23,24,8
24,0,0
24,1,0
24,2,0
24,3,5
24,4,3
24,5,2
24,6,0
24,7,12
24,8,0
24,9,0
24,10,0
24,11,11
24,12,0
24,13,6
24,14,18
24,15,16
24,16,0
24,17,22
24,18,0
24,19,0
24,20,0
24,21,0
24,22,0
24,23,25
24,24,10
