0,0,9
0,1,0
0,2,19
0,3,24
0,4,2
0,5,0
0,6,21
0,7,0
0,8,17
0,9,0
0,10,0
0,11,0
0,12,0
0,13,25
0,14,16
0,15,1
0,16,0
0,17,0
0,18,12
0,19,3
0,20,6
0,21,0
0,22,14
0,23,0
0,24,0
1,0,0
1,1,0
1,2,5
1,3,0
1,4,0
1,5,8
1,6,0
1,7,0
1,8,20
1,9,14
1,10,1
1,11,17
1,12,12
1,13,0
1,14,21
1,15,16
1,16,0
1,17,0
1,18,7
1,19,10
1,20,9
1,21,0
1,22,25
1,23,24
1,24,0
2,0,0
2,1,12
2,2,0
2,3,8
2,4,0
2,5,5
2,6,0
2,7,0
2,8,0
2,9,0
2,10,0
2,11,11
2,12,18
2,13,0
2,14,6
2,15,24
2,16,2
2,17,0
2,18,23
2,19,13
2,20,1
2,21,0
2,22,20
2,23,21
2,24,15
3,0,0
3,1,7
3,2,23
3,3,1
3,4,16
3,5,25
3,6,0
3,7,22
3,8,0
3,9,0
3,10,0
3,11,0
3,12,13
3,13,0
3,14,0
3,15,0
3,16,0
3,17,17
3,18,0
3,19,0
3,20,11
3,21,0
3,22,4
3,23,0
3,24,2
4,0,17
4,1,0
4,2,0
4,3,0
4,4,13
4,5,0
4,6,2
4,7,7
4,8,0
4,9,10
4,10,0
4,11,24
4,12,0
4,13,22
4,14,0
4,15,21
4,16,25
4,17,9
4,18,11
4,19,8
4,20,0
4,21,0
4,22,0
4,23,16
4,24,0
5,0,0
5,1,23
5,2,0
5,3,0
5,4,0
5,5,0
5,6,4
5,7,24
5,8,0
5,9,0
5,10,0
5,11,0
5,12,0
5,13,0
5,14,15
5,15,0
5,16,0
5,17,16
5,18,17
5,19,0
5,20,0
5,21,8
5,22,0
5,23,22
5,24,0
6,0,15
6,1,0
6,2,4
6,3,0
6,4,24
6,5,0
6,6,23
6,7,14
6,8,8
6,9,0
6,10,12
6,11,0
6,12,0
6,13,0
6,14,0
6,15,0
6,16,7
6,17,3
6,18,0
6,19,19
6,20,21
6,21,0
6,22,9
6,23,0
6,24,17
7,0,0
7,1,0
7,2,0
7,3,10
7,4,1
7,5,12
7,6,25
7,7,0
7,8,2
7,9,18
7,10,0
7,11,0
7,12,17
7,13,21
7,14,19
7,15,0
7,16,6
7,17,0
7,18,15
7,19,0
7,20,13
7,21,24
7,22,3
7,23,0
7,24,0
8,0,0
8,1,14
8,2,0
8,3,19
8,4,0
8,5,7
8,6,0
8,7,0
8,8,5
8,9,0
8,10,24
8,11,0
8,12,0
8,13,0
8,14,0
8,15,0
8,16,0
8,17,23
8,18,25
8,19,22
8,20,20
8,21,0
8,22,16
8,23,1
8,24,0
9,0,0
9,1,25
9,2,0
9,3,0
9,4,18
9,5,0
9,6,6
9,7,19
9,8,1
9,9,0
9,10,4
9,11,20
9,12,3
9,13,0
9,14,2
9,15,10
9,16,0
9,17,24
9,18,0
9,19,0
9,20,14
9,21,0
9,22,0
9,23,12
9,24,0
10,0,2
10,1,19
10,2,1
10,3,4
10,4,0
10,5,11
10,6,0
10,7,0
10,8,12
10,9,0
10,10,0
10,11,0
10,12,20
10,13,6
10,14,0
10,15,3
10,16,0
10,17,10
10,18,21
10,19,23
10,20,0
10,21,0
10,22,24
10,23,14
10,24,0
11,0,0
11,1,5
11,2,0
11,3,21
11,4,0
11,5,0
11,6,19
11,7,0
11,8,23
11,9,4
11,10,0
11,11,0
11,12,0
11,13,0
11,14,3
11,15,0
11,16,15
11,17,25
11,18,24
11,19,16
11,20,0
11,21,0
11,22,0
11,23,7
11,24,0
12,0,13
12,1,0
12,2,0
12,3,0
12,4,7
12,5,0
12,6,0
12,7,0
12,8,15
12,9,0
12,10,0
12,11,4
12,12,0
12,13,5
12,14,0
12,15,0
12,16,14
12,17,0
12,18,0
12,19,0
12,20,23
12,21,0
12,22,0
12,23,0
12,24,11
13,0,0
13,1,17
13,2,0
13,3,0
13,4,0
13,5,9
13,6,18
13,7,5
13,8,25
13,9,0
13,10,16
13,11,0
13,12,0
13,13,0
13,14,0
13,15,6
13,16,8
13,17,0
13,18,22
13,19,0
13,20,0
13,21,15
13,22,0
13,23,20
13,24,0
14,0,0
14,1,9
14,2,15
14,3,0
14,4,0
14,5,6
14,6,10
14,7,17
14,8,0
14,9,16
14,10,0
14,11,19
14,12,22
14,13,0
14,14,0
14,15,0
14,16,5
14,17,0
14,18,0
14,19,1
14,20,0
14,21,25
14,22,8
14,23,2
14,24,18
15,0,0
15,1,15
15,2,0
15,3,0
15,4,4
15,5,0
15,6,0
15,7,3
15,8,0
15,9,24
15,10,13
15,11,0
15,12,7
15,13,12
15,14,22
15,15,0
15,16,1
15,17,6
15,18,8
15,19,0
15,20,10
15,21,0
15,22,0
15,23,9
15,24,0
16,0,0
16,1,13
16,2,17
16,3,0
16,4,21
16,5,10
16,6,7
16,7,12
16,8,0
16,9,0
16,10,0
16,11,0
16,12,0
16,13,0
16,14,20
16,15,0
16,16,22
16,17,0
16,18,0
16,19,24
16,20,0
16,21,3
16,22,0
16,23,5
16,24,0
17,0,0
17,1,0
17,2,11
17,3,9
17,4,22
17,5,0
17,6,5
17,7,0
17,8,4
17,9,0
17,10,6
17,11,3
17,12,15
17,13,0
17,14,0
17,15,19
17,16,23
17,17,0
17,18,10
17,19,21
17,20,18
17,21,14
17,22,0
17,23,0
17,24,0
18,0,6
18,1,0
18,2,24
18,3,0
18,4,23
18,5,13
18,6,0
18,7,8
18,8,19
18,9,0
18,10,0
18,11,0
18,12,0
18,13,0
18,14,10
18,15,0
18,16,17
18,17,12
18,18,4
18,19,0
18,20,2
18,21,0
18,22,22
18,23,0
18,24,20
19,0,0
19,1,20
19,2,0
19,3,25
19,4,0
19,5,0
19,6,16
19,7,2
19,8,0
19,9,0
19,10,23
19,11,0
19,12,0
19,13,0
19,14,0
19,15,0
19,16,0
19,17,13
19,18,9
19,19,0
19,20,0
19,21,0
19,22,0
19,23,6
19,24,0
20,0,0
20,1,8
20,2,0
20,3,0
20,4,0
20,5,16
20,6,17
20,7,11
20,8,14
20,9,12
20,10,0
20,11,22
20,12,0
20,13,13
20,14,0
20,15,23
20,16,0
20,17,1
20,18,19
20,19,0
20,20,7
20,21,0
20,22,0
20,23,0
20,24,24
21,0,4
21,1,0
21,2,13
21,3,0
21,4,11
21,5,0
21,6,0
21,7,6
21,8,0
21,9,0
21,10,0
21,11,0
21,12,23
21,13,0
21,14,0
21,15,0
21,16,0
21,17,5
21,18,0
21,19,17
21,20,25
21,21,16
21,22,18
21,23,19
21,24,0
22,0,23
22,1,24
22,2,7
22,3,0
22,4,9
22,5,19
22,6,3
22,7,0
22,8,10
22,9,5
22,10,11
22,11,0
22,12,6
22,13,4
22,14,0
22,15,0
22,16,0
22,17,0
22,18,0
22,19,18
22,20,0
22,21,13
22,22,0
22,23,17
22,24,0
23,0,0
23,1,21
23,2,10
23,3,0
23,4,14
23,5,15
23,6,24
23,7,0
23,8,0
23,9,23
23,10,19
23,11,0
23,12,9
23,13,16
23,14,25
23,15,7
23,16,12
23,17,0
23,18,0
23,19,6
23,20,0
23,21,0
23,22,5
23,23,0
23,24,0
24,0,0
24,1,0
24,2,25
24,3,0
24,4,3
24,5,4
24,6,22
24,7,0
24,8,0
24,9,20
24,10,17
24,11,2
24,12,0
24,13,0
24,14,0
24,15,0
24,16,11
24,17,0
24,18,14
24,19,0
24,20,12
24,21,23
24,22,6
24,23,0
24,24,8
