0,0,6
0,1,0
0,2,13
0,3,3
0,4,16
0,5,0
0,6,23
0,7,0
0,8,0
0,9,18
0,10,1
0,11,0
0,12,0
0,13,8
0,14,0
0,15,0
0,16,10
0,17,22
0,18,0
0,19,0
0,20,0
0,21,21
0,22,9
0,23,5
0,24,2
1,0,0
1,1,0
1,2,0
1,3,1
1,4,19
1,5,0
1,6,0
1,7,0
1,8,16
1,9,0
1,10,2
1,11,0
1,12,0
1,13,0
1,14,14
1,15,25
1,16,0
1,17,4
1,18,7
1,19,0
1,20,0
1,21,0
1,22,20
1,23,0
1,24,10
2,0,9
2,1,7
2,2,0
2,3,0
2,4,0
2,5,14
2,6,6
2,7,0
2,8,8
2,9,21
2,10,0
2,11,0
2,12,0
2,13,0
2,14,0
2,15,1
2,16,5
2,17,3
2,18,0
2,19,0
2,20,4
2,21,17
2,22,0
2,23,15
2,24,0
3,0,20
3,1,0
3,2,0
3,3,0
3,4,0
3,5,0
3,6,2
3,7,5
3,8,0
3,9,3
3,10,12
3,11,9
3,12,24
3,13,25
3,14,0
3,15,0
3,16,16
3,17,21
3,18,15
3,19,0
3,20,18
3,21,0
3,22,0
3,23,13
3,24,0
4,0,2
4,1,23
4,2,0
4,3,17
4,4,18
4,5,15
4,6,1
4,7,4
4,8,0
4,9,0
4,10,22
4,11,0
4,12,0
4,13,0
4,14,0
4,15,8
4,16,13
4,17,20
4,18,0
4,19,0
4,20,0
4,21,7
4,22,0
4,23,0
4,24,0
5,0,12
5,1,0
5,2,18
5,3,13
5,4,0
5,5,0
5,6,11
5,7,0
5,8,9
5,9,0
5,10,16
5,11,0
5,12,0
5,13,0
5,14,19
5,15,3
5,16,23
5,17,0
5,18,21
5,19,1
5,20,0
5,21,6
5,22,0
5,23,14
5,24,20
6,0,3
6,1,0
6,2,1
6,3,14
6,4,23
6,5,0
6,6,0
6,7,22
6,8,0
6,9,0
6,10,0
6,11,2
6,12,0
6,13,10
6,14,6
6,15,11
6,16,0
6,17,0
6,18,9
6,19,0
6,20,0
6,21,0
6,22,8
6,23,19
6,24,0
7,0,19
7,1,0
7,2,2
7,3,0
7,4,0
7,5,4
7,6,0
7,7,0
7,8,0
7,9,8
7,10,0
7,11,0
7,12,14
7,13,22
7,14,0
7,15,12
7,16,18
7,17,0
7,18,0
7,19,0
7,20,13
7,21,9
7,22,0
7,23,0
7,24,0
8,0,10
8,1,9
8,2,0
8,3,21
8,4,22
8,5,1
8,6,24
8,7,7
8,8,6
8,9,0
8,10,0
8,11,0
8,12,20
8,13,0
8,14,25
8,15,19
8,16,17
8,17,14
8,18,2
8,19,0
8,20,23
8,21,3
8,22,0
8,23,16
8,24,0
9,0,0
9,1,20
9,2,25
9,3,0
9,4,0
9,5,0
9,6,13
9,7,0
9,8,0
9,9,0
9,10,0
9,11,21
9,12,0
9,13,0
9,14,18
9,15,6
9,16,8
9,17,0
9,18,22
9,19,0
9,20,10
9,21,0
9,22,0
9,23,2
9,24,5
10,0,17
10,1,12
10,2,0
10,3,0
10,4,13
10,5,5
10,6,18
10,7,0
10,8,0
10,9,0
10,10,0
10,11,25
10,12,0
10,13,3
10,14,22
10,15,9
10,16,7
10,17,0
10,18,0
10,19,19
10,20,20
10,21,1
10,22,0
10,23,24
10,24,16
11,0,0
11,1,22
11,2,0
11,3,16
11,4,0
11,5,0
11,6,12
11,7,0
11,8,0
11,9,0
11,10,0
11,11,0
11,12,21
11,13,0
11,14,2
11,15,17
11,16,24
11,17,23
11,18,0
11,19,20
11,20,0
11,21,0
11,22,0
11,23,3
11,24,4
12,0,8
12,1,0
12,2,0
12,3,0
12,4,0
12,5,0
12,6,0
12,7,0
12,8,4
12,9,0
12,10,19
12,11,0
12,12,0
12,13,0
12,14,16
12,15,0
12,16,21
12,17,0
12,18,0
12,19,0
12,20,0
12,21,0
12,22,0
12,23,0
12,24,22
13,0,1
13,1,24
13,2,0
13,3,0
13,4,0
13,5,8
13,6,0
13,7,16
13,8,21
13,9,6
13,10,14
13,11,0
13,12,13
13,13,0
13,14,0
13,15,0
13,16,0
13,17,0
13,18,10
13,19,0
13,20,0
13,21,18
13,22,0
13,23,7
13,24,0
14,0,25
14,1,4
14,2,0
14,3,20
14,4,10
14,5,3
14,6,0
14,7,0
14,8,13
14,9,23
14,10,24
14,11,7
14,12,0
14,13,12
14,14,0
14,15,0
14,16,0
14,17,0
14,18,6
14,19,14
14,20,5
14,21,0
14,22,0
14,23,21
14,24,8
15,0,15
15,1,2
15,2,0
15,3,0
15,4,3
15,5,0
15,6,25
15,7,0
15,8,23
15,9,22
15,10,11
15,11,0
15,12,0
15,13,21
15,14,0
15,15,0
15,16,0
15,17,0
15,18,8
15,19,0
15,20,0
15,21,0
15,22,5
15,23,9
15,24,0
16,0,0
16,1,17
16,2,0
16,3,11
16,4,4
16,5,0
16,6,15
16,7,20
16,8,14
16,9,9
16,10,25
16,11,0
16,12,22
16,13,0
16,14,0
16,15,0
16,16,3
16,17,6
16,18,5
16,19,21
16,20,1
16,21,23
16,22,0
16,23,8
16,24,18
17,0,0
17,1,0
17,2,0
17,3,25
17,4,8
17,5,0
17,6,0
17,7,0
17,8,3
17,9,11
17,10,0
17,11,20
17,12,16
17,13,0
17,14,0
17,15,22
17,16,0
17,17,0
17,18,0
17,19,23
17,20,0
17,21,0
17,22,2
17,23,0
17,24,19
18,0,0
18,1,14
18,2,23
18,3,0
18,4,0
18,5,0
18,6,19
18,7,0
18,8,0
18,9,10
18,10,5
18,11,12
18,12,0
18,13,9
18,14,0
18,15,0
18,16,0
18,17,25
18,18,0
18,19,0
18,20,7
18,21,11
18,22,22
18,23,0
18,24,24
19,0,7
19,1,19
19,2,0
19,3,24
19,4,0
19,5,17
19,6,4
19,7,0
19,8,1
19,9,5
19,10,6
19,11,0
19,12,0
19,13,0
19,14,23
19,15,0
19,16,14
19,17,0
19,18,16
19,19,0
19,20,0
19,21,20
19,22,12
19,23,0
19,24,21
20,0,0
20,1,0
20,2,0
20,3,6
20,4,0
20,5,0
20,6,0
20,7,23
20,8,19
20,9,13
20,10,0
20,11,0
20,12,0
20,13,0
20,14,8
20,15,0
20,16,0
20,17,24
20,18,20
20,19,16
20,20,11
20,21,5
20,22,0
20,23,17
20,24,1
21,0,0
21,1,18
21,2,0
21,3,0
21,4,2
21,5,0
21,6,14
21,7,21
21,8,5
21,9,0
21,10,0
21,11,24
21,12,25
21,13,19
21,14,13
21,15,10
21,16,0
21,17,1
21,18,4
21,19,0
21,20,0
21,21,0
21,22,0
21,23,0
21,24,15
22,0,0
22,1,1
22,2,0
22,3,10
22,4,21
22,5,0
22,6,0
22,7,12
22,8,17
22,9,20
22,10,0
22,11,0
22,12,0
22,13,0
22,14,0
22,15,13
22,16,19
22,17,0
22,18,14
22,19,8
22,20,0
22,21,0
22,22,0
22,23,18
22,24,23
23,0,24
23,1,0
23,2,11
23,3,0
23,4,0
23,5,0
23,6,7
23,7,18
23,8,0
23,9,15
23,10,3
23,11,0
23,12,0
23,13,0
23,14,12
23,15,0
23,16,9
23,17,0
23,18,0
23,19,0
23,20,19
23,21,10
23,22,0
23,23,0
23,24,0
24,0,13
24,1,3
24,2,7
24,3,19
24,4,0
24,5,0
24,6,0
24,7,1
24,8,24
24,9,0
24,10,0
24,11,14
24,12,0
24,13,0
24,14,5
24,15,15
24,16,0
24,17,0
24,18,18
24,19,0
24,20,21
24,21,16
24,22,6
24,23,0
24,24,9
