0,0,0
0,1,7
0,2,4
0,3,9
0,4,17
0,5,14
0,6,18
0,7,0
0,8,0
0,9,22
0,10,21
0,11,0
0,12,15
0,13,0
0,14,0
0,15,1
0,16,0
0,17,23
0,18,0
0,19,11
0,20,0
0,21,0
0,22,0
0,23,16
0,24,0
1,0,16
1,1,0
1,2,2
1,3,3
1,4,0
1,5,0
1,6,0
1,7,20
1,8,5
1,9,12
1,10,0
1,11,0
1,12,0
1,13,0
1,14,0
1,15,0
1,16,0
1,17,8
1,18,13
1,19,0
1,20,24
1,21,0
1,22,0
1,23,0
1,24,1
2,0,6
2,1,13
2,2,0
2,3,0
2,4,0
2,5,10
2,6,2
2,7,19
2,8,0
2,9,23
2,10,0
2,11,0
2,12,0
2,13,0
2,14,0
2,15,9
2,16,16
2,17,4
2,18,22
2,19,5
2,20,12
2,21,0
2,22,0
2,23,0
2,24,8
3,0,18
3,1,23
3,2,0
3,3,10
3,4,20
3,5,0
3,6,0
3,7,0
3,8,0
3,9,0
3,10,0
3,11,16
3,12,0
3,13,5
3,14,0
3,15,17
3,16,0
3,17,19
3,18,2
3,19,0
3,20,7
3,21,0
3,22,0
3,23,0
3,24,6
4,0,0
4,1,0
4,2,0
4,3,0
4,4,0
4,5,16
4,6,0
4,7,21
4,8,1
4,9,0
4,10,4
4,11,0
4,12,0
4,13,10
4,14,0
4,15,0
4,16,3
4,17,0
4,18,18
4,19,0
4,20,0
4,21,0
4,22,17
4,23,0
4,24,11
5,0,0
5,1,0
5,2,0
5,3,17
5,4,0
5,5,0
5,6,0
5,7,0
5,8,0
5,9,0
5,10,0
5,11,0
5,12,21
5,13,9
5,14,0
5,15,11
5,16,2
5,17,10
5,18,3
5,19,8
5,20,25
5,21,19
5,22,0
5,23,7
5,24,23
6,0,1
6,1,0
6,2,7
6,3,0
6,4,22
6,5,21
6,6,0
6,7,11
6,8,0
6,9,0
6,10,0
6,11,0
6,12,20
6,13,0
6,14,0
6,15,6
6,16,14
6,17,13
6,18,0
6,19,9
6,20,17
6,21,0
6,22,8
6,23,15
6,24,10
7,0,9
7,1,6
7,2,0
7,3,16
7,4,12
7,5,5
7,6,25
7,7,0
7,8,13
7,9,24
7,10,0
7,11,0
7,12,19
7,13,0
7,14,0
7,15,0
7,16,0
7,17,0
7,18,0
7,19,20
7,20,0
7,21,0
7,22,0
7,23,1
7,24,21
8,0,0
8,1,25
8,2,0
8,3,0
8,4,8
8,5,9
8,6,4
8,7,15
8,8,0
8,9,0
8,10,0
8,11,18
8,12,0
8,13,2
8,14,0
8,15,0
8,16,22
8,17,0
8,18,24
8,19,19
8,20,16
8,21,0
8,22,0
8,23,0
8,24,20
9,0,0
9,1,19
9,2,10
9,3,13
9,4,0
9,5,0
9,6,0
9,7,0
9,8,0
9,9,0
9,10,0
9,11,0
9,12,0
9,13,14
9,14,0
9,15,15
9,16,12
9,17,17
9,18,25
9,19,0
9,20,22
9,21,0
9,22,0
9,23,0
9,24,0
10,0,0
10,1,12
10,2,0
10,3,8
10,4,23
10,5,0
10,6,7
10,7,13
10,8,3
10,9,0
10,10,25
10,11,10
10,12,18
10,13,22
10,14,0
10,15,0
10,16,5
10,17,0
10,18,19
10,19,0
10,20,0
10,21,11
10,22,0
10,23,0
10,24,17
11,0,0
11,1,0
11,2,0
11,3,5
11,4,10
11,5,0
11,6,21
11,7,23
11,8,0
11,9,14
11,10,6
11,11,0
11,12,0
11,13,4
11,14,0
11,15,3
11,16,11
11,17,22
11,18,0
11,19,1
11,20,0
11,21,0
11,22,19
11,23,0
11,24,16
12,0,0
12,1,17
12,2,24
12,3,0
12,4,0
12,5,0
12,6,0
12,7,0
12,8,16
12,9,4
12,10,0
12,11,20
12,12,0
12,13,13
12,14,0
12,15,10
12,16,18
12,17,0
12,18,0
12,19,0
12,20,0
12,21,0
12,22,25
12,23,12
12,24,0
13,0,15
13,1,0
13,2,18
13,3,0
13,4,0
13,5,22
13,6,0
13,7,1
13,8,25
13,9,20
13,10,0
13,11,17
13,12,0
13,13,0
13,14,16
13,15,12
13,16,0
13,17,2
13,18,9
13,19,0
13,20,4
13,21,24
13,22,0
13,23,0
13,24,0
14,0,3
14,1,0
14,2,0
14,3,22
14,4,0
14,5,0
14,6,6
14,7,0
14,8,12
14,9,0
14,10,0
14,11,9
14,12,14
14,13,1
14,14,21
14,15,0
14,16,8
14,17,25
14,18,17
14,19,0
14,20,20
14,21,18
14,22,0
14,23,10
14,24,0
15,0,0
15,1,0
15,2,0
15,3,0
15,4,7
15,5,0
15,6,24
15,7,3
15,8,9
15,9,1
15,10,0
15,11,6
15,12,0
15,13,0
15,14,0
15,15,0
15,16,0
15,17,0
15,18,0
15,19,0
15,20,0
15,21,17
15,22,13
15,23,20
15,24,0
16,0,13
16,1,0
16,2,0
16,3,0
16,4,3
16,5,7
16,6,16
16,7,0
16,8,10
16,9,0
16,10,0
16,11,22
16,12,0
16,13,24
16,14,0
16,15,0
16,16,0
16,17,14
16,18,11
16,19,2
16,20,23
16,21,0
16,22,0
16,23,5
16,24,0
17,0,17
17,1,24
17,2,0
17,3,0
17,4,0
17,5,6
17,6,0
17,7,0
17,8,0
17,9,0
17,10,0
17,11,0
17,12,5
17,13,0
17,14,0
17,15,22
17,16,4
17,17,0
17,18,7
17,19,13
17,20,8
17,21,10
17,22,0
17,23,19
17,24,18
18,0,20
18,1,10
18,2,16
18,3,0
18,4,2
18,5,4
18,6,0
18,7,17
18,8,22
18,9,21
18,10,0
18,11,0
18,12,1
18,13,0
18,14,0
18,15,0
18,16,0
18,17,5
18,18,0
18,19,6
18,20,3
18,21,0
18,22,7
18,23,0
18,24,24
19,0,23
19,1,14
19,2,0
19,3,11
19,4,9
19,5,15
19,6,5
19,7,18
19,8,20
19,9,8
19,10,0
19,11,19
19,12,10
19,13,0
19,14,0
19,15,0
19,16,0
19,17,0
19,18,0
19,19,0
19,20,0
19,21,21
19,22,0
19,23,0
19,24,0
20,0,12
20,1,0
20,2,19
20,3,0
20,4,0
20,5,0
20,6,1
20,7,0
20,8,21
20,9,0
20,10,0
20,11,15
20,12,0
20,13,0
20,14,3
20,15,0
20,16,24
20,17,20
20,18,0
20,19,17
20,20,0
20,21,0
20,22,0
20,23,0
20,24,0
21,0,4
21,1,0
21,2,0
21,3,0
21,4,13
21,5,0
21,6,8
21,7,2
21,8,0
21,9,10
21,10,0
21,11,24
21,12,0
21,13,20
21,14,0
21,15,0
21,16,0
21,17,0
21,18,0
21,19,0
21,20,1
21,21,6
21,22,0
21,23,9
21,24,7
22,0,22
22,1,0
22,2,0
22,3,0
22,4,6
22,5,18
22,6,19
22,7,4
22,8,24
22,9,11
22,10,0
22,11,0
22,12,0
22,13,0
22,14,0
22,15,7
22,16,0
22,17,21
22,18,1
22,19,10
22,20,0
22,21,0
22,22,0
22,23,17
22,24,12
23,0,2
23,1,0
23,2,0
23,3,0
23,4,21
23,5,0
23,6,22
23,7,6
23,8,0
23,9,0
23,10,0
23,11,0
23,12,0
23,13,0
23,14,0
23,15,23
23,16,19
23,17,18
23,18,0
23,19,0
23,20,0
23,21,20
23,22,3
23,23,0
23,24,14
24,0,0
24,1,1
24,2,0
24,3,0
24,4,0
24,5,25
24,6,0
24,7,7
24,8,0
24,9,3
24,10,0
24,11,0
24,12,4
24,13,0
24,14,9
24,15,16
24,16,0
24,17,0
24,18,14
24,19,15
24,20,2
24,21,8
24,22,5
24,23,22
24,24,0
