0,0,11
0,1,15
0,2,14
0,3,0
0,4,6
0,5,0
0,6,9
0,7,0
0,8,10
0,9,18
0,10,23
0,11,0
0,12,0
0,13,0
0,14,12
0,15,0
0,16,0
0,17,5
0,18,0
0,19,0
0,20,2
0,21,0
0,22,24
0,23,22
0,24,21
1,0,8
1,1,7
1,2,12
1,3,16
1,4,0
1,5,0
1,6,25
1,7,20
1,8,24
1,9,0
1,10,0
1,11,0
1,12,0
1,13,0
1,14,9
1,15,23
1,16,2
1,17,0
1,18,11
1,19,0
1,20,17
1,21,3
1,22,0
1,23,0
1,24,4
2,0,0
2,1,9
2,2,0
2,3,0
2,4,0
2,5,0
2,6,0
2,7,0
2,8,5
2,9,22
2,10,0
2,11,24
2,12,2
2,13,0
2,14,0
2,15,0
2,16,0
2,17,0
2,18,16
2,19,0
2,20,0
2,21,0
2,22,23
2,23,11
2,24,0
3,0,0
3,1,0
3,2,24
3,3,17
3,4,0
3,5,0
3,6,0
3,7,14
3,8,0
3,9,0
3,10,16
3,11,18
3,12,7
3,13,3
3,14,5
3,15,0
3,16,0
3,17,0
3,18,25
3,19,0
3,20,10
3,21,15
3,22,0
3,23,13
3,24,8
4,0,3
4,1,2
4,2,0
4,3,0
4,4,0
4,5,12
4,6,23
4,7,8
4,8,0
4,9,0
4,10,0
4,11,0
4,12,11
4,13,1
4,14,0
4,15,0
4,16,20
4,17,0
4,18,7
4,19,21
4,20,0
4,21,0
4,22,18
4,23,19
4,24,0
5,0,0
5,1,12
5,2,0
5,3,24
5,4,2
5,5,13
5,6,0
5,7,4
5,8,0
5,9,1
5,10,0
5,11,20
5,12,0
5,13,0
5,14,25
5,15,0
5,16,16
5,17,0
5,18,0
5,19,9
5,20,0
5,21,0
5,22,22
5,23,18
5,24,0
6,0,0
6,1,20
6,2,0
6,3,21
6,4,13
6,5,0
6,6,0
6,7,6
6,8,22
6,9,0
6,10,4
6,11,0
6,12,0
6,13,10
6,14,19
6,15,2
6,16,8
6,17,25
6,18,0
6,19,0
6,20,24
6,21,0
6,22,11
6,23,12
6,24,14
7,0,0
7,1,0
7,2,6
7,3,5
7,4,0
7,5,0
7,6,21
7,7,2
7,8,25
7,9,0
7,10,15
7,11,0
7,12,0
7,13,0
7,14,23
7,15,17
7,16,22
7,17,0
7,18,0
7,19,0
7,20,0
7,21,1
7,22,0
7,23,16
7,24,0
8,0,0
8,1,0
8,2,0
8,3,1
8,4,0
8,5,0
8,6,0
8,7,10
8,8,3
8,9,0
8,10,17
8,11,0
8,12,0
8,13,0
8,14,0
8,15,0
8,16,7
8,17,0
8,18,12
8,19,0
8,20,0
8,21,0
8,22,0
8,23,0
8,24,20
9,0,23
9,1,0
9,2,0
9,3,0
9,4,25
9,5,0
9,6,16
9,7,9
9,8,0
9,9,12
9,10,0
9,11,7
9,12,0
9,13,2
9,14,24
9,15,0
9,16,0
9,17,0
9,18,0
9,19,6
9,20,0
9,21,19
9,22,0
9,23,10
9,24,0
10,0,21
10,1,0
10,2,0
10,3,15
10,4,0
10,5,24
10,6,0
10,7,25
10,8,6
10,9,17
10,10,18
10,11,0
10,12,0
10,13,22
10,14,0
10,15,16
10,16,3
10,17,20
10,18,0
10,19,7
10,20,12
10,21,0
10,22,0
10,23,0
10,24,9
11,0,0
11,1,8
11,2,10
11,3,0
11,4,0
11,5,0
11,6,0
11,7,13
11,8,0
11,9,0
11,10,0
11,11,3
11,12,20
11,13,0
11,14,0
11,15,0
11,16,14
11,17,0
11,18,0
11,19,0
11,20,19
11,21,0
11,22,25
11,23,0
11,24,0
12,0,0
12,1,0
12,2,5
12,3,14
12,4,0
12,5,10
12,6,0
12,7,18
12,8,8
12,9,0
12,10,0
12,11,0
12,12,19
12,13,0
12,14,0
12,15,0
12,16,23
12,17,9
12,18,0
12,19,2
12,20,0
12,21,20
12,22,16
12,23,0
12,24,0
13,0,0
13,1,0
13,2,20
13,3,0
13,4,9
13,5,0
13,6,0
13,7,0
13,8,19
13,9,0
13,10,0
13,11,0
13,12,24
13,13,14
13,14,0
13,15,0
13,16,0
13,17,18
13,18,0
13,19,0
13,20,0
13,21,0
13,22,17
13,23,21
13,24,0
14,0,22
14,1,0
14,2,0
14,3,0
14,4,3
14,5,14
14,6,0
14,7,1
14,8,21
14,9,16
14,10,0
14,11,9
14,12,0
14,13,0
14,14,2
14,15,24
14,16,11
14,17,6
14,18,0
14,19,17
14,20,0
14,21,23
14,22,0
14,23,0
14,24,7
15,0,0
15,1,3
15,2,0
15,3,20
15,4,0
15,5,8
15,6,0
15,7,0
15,8,0
15,9,0
15,10,14
15,11,21
15,12,0
15,13,12
15,14,0
15,15,18
15,16,0
15,17,2
15,18,23
15,19,0
15,20,4
15,21,0
15,22,0
15,23,0
15,24,10
16,0,17
16,1,0
16,2,0
16,3,0
16,4,0
16,5,0
16,6,1
16,7,0
16,8,13
16,9,0
16,10,0
16,11,0
16,12,0
16,13,0
16,14,3
16,15,0
16,16,9
16,17,14
16,18,0
16,19,0
16,20,0
16,21,16
16,22,0
16,23,0
16,24,0
17,0,0
17,1,1
17,2,0
17,3,6
17,4,0
17,5,0
17,6,0
17,7,0
17,8,9
17,9,19
17,10,2
17,11,0
17,12,0
17,13,0
17,14,20
17,15,0
17,16,4
17,17,17
17,18,10
17,19,0
17,20,0
17,21,13
17,22,8
17,23,0
17,24,0
18,0,18
18,1,5
18,2,8
18,3,0
18,4,10
18,5,0
18,6,0
18,7,12
18,8,4
18,9,20
18,10,1
18,11,6
18,12,0
18,13,0
18,14,11
18,15,0
18,16,21
18,17,15
18,18,0
18,19,0
18,20,14
18,21,22
18,22,0
18,23,24
18,24,0
19,0,0
19,1,4
19,2,22
19,3,0
19,4,0
19,5,15
19,6,0
19,7,0
19,8,23
19,9,0
19,10,7
19,11,0
19,12,0
19,13,5
19,14,0
19,15,20
19,16,0
19,17,8
19,18,0
19,19,12
19,20,11
19,21,25
19,22,0
19,23,6
19,24,0
20,0,0
20,1,19
20,2,2
20,3,0
20,4,0
20,5,17
20,6,18
20,7,0
20,8,14
20,9,0
20,10,0
20,11,11
20,12,12
20,13,0
20,14,0
20,15,0
20,16,0
20,17,10
20,18,13
20,19,5
20,20,0
20,21,0
20,22,0
20,23,4
20,24,6
21,0,20
21,1,6
21,2,0
21,3,25
21,4,15
21,5,0
21,6,3
21,7,0
21,8,0
21,9,0
21,10,24
21,11,22
21,12,1
21,13,13
21,14,21
21,15,0
21,16,0
21,17,16
21,18,0
21,19,0
21,20,0
21,21,10
21,22,14
21,23,0
21,24,0
22,0,0
22,1,16
22,2,11
22,3,0
22,4,0
22,5,0
22,6,10
22,7,0
22,8,0
22,9,0
22,10,0
22,11,0
22,12,18
22,13,25
22,14,0
22,15,6
22,16,24
22,17,0
22,18,0
22,19,0
22,20,0
22,21,0
22,22,0
22,23,9
22,24,0
23,0,10
23,1,0
23,2,0
23,3,4
23,4,12
23,5,0
23,6,24
23,7,0
23,8,20
23,9,15
23,10,8
23,11,0
23,12,0
23,13,0
23,14,0
23,15,0
23,16,18
23,17,22
23,18,9
23,19,0
23,20,0
23,21,11
23,22,1
23,23,23
23,24,2
24,0,24
24,1,14
24,2,21
24,3,0
24,4,8
24,5,0
24,6,0
24,7,23
24,8,0
24,9,0
24,10,9
24,11,0
24,12,0
24,13,0
24,14,17
24,15,11
24,16,12
24,17,0
24,18,15
24,19,0
24,20,3
24,21,0
24,22,7
24,23,5
24,24,19
