0,0,13
0,1,24
0,2,0
0,3,0
0,4,18
0,5,0
0,6,0
0,7,14
0,8,11
0,9,0
0,10,12
0,11,22
0,12,23
0,13,0
0,14,0
0,15,0
0,16,4
0,17,10
0,18,20
0,19,7
0,20,0
0,21,0
0,22,0
0,23,9
0,24,0
1,0,6
1,1,11
1,2,4
1,3,0
1,4,0
1,5,10
1,6,0
1,7,0
1,8,0
1,9,0
1,10,0
1,11,0
1,12,0
1,13,13
1,14,0
1,15,0
1,16,22
1,17,9
1,18,0
1,19,25
1,20,20
1,21,0
1,22,0
1,23,19
1,24,24
2,0,0
2,1,7
2,2,3
2,3,22
2,4,25
2,5,0
2,6,0
2,7,0
2,8,0
2,9,0
2,10,0
2,11,16
2,12,10
2,13,0
2,14,0
2,15,0
2,16,0
2,17,0
2,18,1
2,19,0
2,20,0
2,21,0
2,22,0
2,23,0
2,24,0
3,0,20
3,1,17
3,2,0
3,3,10
3,4,23
3,5,18
3,6,0
3,7,0
3,8,0
3,9,12
3,10,0
3,11,6
3,12,0
3,13,19
3,14,0
3,15,0
3,16,0
3,17,24
3,18,0
3,19,0
3,20,13
3,21,0
3,22,0
3,23,0
3,24,0
4,0,0
4,1,0
4,2,16
4,3,21
4,4,8
4,5,0
4,6,20
4,7,0
4,8,1
4,9,0
4,10,25
4,11,0
4,12,0
4,13,0
4,14,0
4,15,0
4,16,14
4,17,5
4,18,0
4,19,0
4,20,0
4,21,3
4,22,12
4,23,4
4,24,10
5,0,9
5,1,0
5,2,0
5,3,2
5,4,0
5,5,7
5,6,0
5,7,0
5,8,17
5,9,3
5,10,0
5,11,0
5,12,16
5,13,0
5,14,0
5,15,15
5,16,0
5,17,23
5,18,22
5,19,0
5,20,14
5,21,0
5,22,18
5,23,0
5,24,0
6,0,0
6,1,0
6,2,0
6,3,0
6,4,0
6,5,6
6,6,0
6,7,22
6,8,0
6,9,0
6,10,3
6,11,0
6,12,0
6,13,0
6,14,0
6,15,7
6,16,19
6,17,0
6,18,0
6,19,24
6,20,16
6,21,25
6,22,0
6,23,23
6,24,12
7,0,0
7,1,0
7,2,0
7,3,16
7,4,0
7,5,20
7,6,5
7,7,10
7,8,0
7,9,0
7,10,0
7,11,9
7,12,0
7,13,0
7,14,0
7,15,8
7,16,6
7,17,0
7,18,18
7,19,0
7,20,0
7,21,4
7,22,19
7,23,0
7,24,2
8,0,0
8,1,22
8,2,20
8,3,0
8,4,12
8,5,0
8,6,18
8,7,21
8,8,0
8,9,9
8,10,0
8,11,0
8,12,14
8,13,17
8,14,6
8,15,13
8,16,2
8,17,1
8,18,0
8,19,0
8,20,0
8,21,10
8,22,0
8,23,0
8,24,0
9,0,3
9,1,0
9,2,15
9,3,0
9,4,0
9,5,24
9,6,0
9,7,0
9,8,8
9,9,16
9,10,19
9,11,0
9,12,0
9,13,7
9,14,11
9,15,0
9,16,0
9,17,0
9,18,0
9,19,0
9,20,5
9,21,22
9,22,1
9,23,6
9,24,0
10,0,0
10,1,8
10,2,19
10,3,0
10,4,7
10,5,17
10,6,23
10,7,0
10,8,0
10,9,10
10,10,16
10,11,0
10,12,0
10,13,0
10,14,12
10,15,0
10,16,0
10,17,21
10,18,0
10,19,0
10,20,0
10,21,0
10,22,11
10,23,15
10,24,0
11,0,23
11,1,0
11,2,0
11,3,0
11,4,13
11,5,0
11,6,0
11,7,24
11,8,21
11,9,0
11,10,2
11,11,0
11,12,0
11,13,0
11,14,5
11,15,1
11,16,10
11,17,22
11,18,6
11,19,0
11,20,0
11,21,8
11,22,0
11,23,25
11,24,0
12,0,0
12,1,21
12,2,1
12,3,4
12,4,0
12,5,15
12,6,8
12,7,0
12,8,12
12,9,0
12,10,0
12,11,18
12,12,0
12,13,24
12,14,0
12,15,0
12,16,23
12,17,0
12,18,25
12,19,20
12,20,0
12,21,6
12,22,13
12,23,10
12,24,0
13,0,0
13,1,5
13,2,0
13,3,15
13,4,0
13,5,0
13,6,16
13,7,20
13,8,22
13,9,25
13,10,23
13,11,0
13,12,0
13,13,0
13,14,13
13,15,0
13,16,18
13,17,3
13,18,0
13,19,0
13,20,17
13,21,0
13,22,0
13,23,0
13,24,1
14,0,0
14,1,18
14,2,6
14,3,0
14,4,0
14,5,0
14,6,0
14,7,11
14,8,0
14,9,0
14,10,10
14,11,0
14,12,0
14,13,0
14,14,4
14,15,2
14,16,0
14,17,0
14,18,15
14,19,8
14,20,7
14,21,0
14,22,22
14,23,20
14,24,0
15,0,0
15,1,3
15,2,17
15,3,11
15,4,4
15,5,0
15,6,0
15,7,0
15,8,0
15,9,0
15,10,7
15,11,13
15,12,0
15,13,0
15,14,15
15,15,25
15,16,16
15,17,0
15,18,0
15,19,22
15,20,0
15,21,0
15,22,9
15,23,0
15,24,14
16,0,0
16,1,0
16,2,0
16,3,8
16,4,0
16,5,0
16,6,0
16,7,6
16,8,20
16,9,15
16,10,18
16,11,12
16,12,2
16,13,0
16,14,0
16,15,10
16,16,0
16,17,14
16,18,17
16,19,0
16,20,1
16,21,0
16,22,3
16,23,16
16,24,0
17,0,24
17,1,0
17,2,25
17,3,19
17,4,0
17,5,0
17,6,11
17,7,0
17,8,7
17,9,1
17,10,0
17,11,0
17,12,0
17,13,5
17,14,0
17,15,0
17,16,0
17,17,8
17,18,2
17,19,13
17,20,0
17,21,20
17,22,0
17,23,0
17,24,0
18,0,7
18,1,20
18,2,0
18,3,13
18,4,22
18,5,21
18,6,0
18,7,0
18,8,4
18,9,5
18,10,0
18,11,0
18,12,0
18,13,0
18,14,9
18,15,0
18,16,0
18,17,19
18,18,0
18,19,15
18,20,0
18,21,0
18,22,0
18,23,0
18,24,0
19,0,0
19,1,0
19,2,2
19,3,0
19,4,14
19,5,0
19,6,13
19,7,17
19,8,0
19,9,22
19,10,0
19,11,0
19,12,11
19,13,0
19,14,0
19,15,3
19,16,5
19,17,0
19,18,0
19,19,4
19,20,0
19,21,7
19,22,0
19,23,0
19,24,15
20,0,21
20,1,15
20,2,22
20,3,6
20,4,0
20,5,0
20,6,0
20,7,13
20,8,18
20,9,0
20,10,0
20,11,0
20,12,0
20,13,0
20,14,20
20,15,0
20,16,11
20,17,0
20,18,7
20,19,0
20,20,12
20,21,23
20,22,16
20,23,0
20,24,0
21,0,0
21,1,0
21,2,0
21,3,0
21,4,10
21,5,0
21,6,0
21,7,9
21,8,0
21,9,0
21,10,0
21,11,2
21,12,0
21,13,15
21,14,0
21,15,22
21,16,0
21,17,0
21,18,0
21,19,1
21,20,25
21,21,19
21,22,0
21,23,7
21,24,17
22,0,0
22,1,0
22,2,0
22,3,0
22,4,0
22,5,0
22,6,15
22,7,0
22,8,0
22,9,0
22,10,0
22,11,0
22,12,12
22,13,10
22,14,0
22,15,0
22,16,0
22,17,0
22,18,0
22,19,0
22,20,11
22,21,21
22,22,6
22,23,1
22,24,0
23,0,4
23,1,1
23,2,0
23,3,0
23,4,24
23,5,5
23,6,0
23,7,25
23,8,16
23,9,0
23,10,0
23,11,8
23,12,0
23,13,0
23,14,0
23,15,0
23,16,0
23,17,0
23,18,0
23,19,3
23,20,0
23,21,0
23,22,10
23,23,2
23,24,13
24,0,0
24,1,13
24,2,0
24,3,0
24,4,0
24,5,12
24,6,4
24,7,1
24,8,10
24,9,0
24,10,0
24,11,0
24,12,7
24,13,14
24,14,3
24,15,0
24,16,24
24,17,6
24,18,0
24,19,0
24,20,9
24,21,0
24,22,0
24,23,22
24,24,20
