0,0,11
0,1,0
0,2,2
0,3,0
0,4,0
0,5,14
0,6,3
0,7,0
0,8,19
0,9,18
0,10,1
0,11,17
0,12,13
0,13,25
0,14,0
0,15,0
0,16,6
0,17,24
0,18,0
0,19,0
0,20,0
0,21,4
0,22,15
0,23,16
0,24,21
1,0,1
1,1,7
1,2,19
1,3,10
1,4,0
1,5,0
1,6,0
1,7,0
1,8,17
1,9,0
1,10,9
1,11,0
1,12,2
1,13,0
1,14,16
1,15,0
1,16,0
1,17,0
1,18,22
1,19,15
1,20,25
1,21,0
1,22,3
1,23,6
1,24,0
2,0,0
2,1,20
2,2,0
2,3,9
2,4,0
2,5,0
2,6,23
2,7,0
2,8,0
2,9,0
2,10,19
2,11,22
2,12,7
2,13,0
2,14,0
2,15,0
2,16,0
2,17,0
2,18,0
2,19,25
2,20,0
2,21,0
2,22,2
2,23,0
2,24,12
3,0,15
3,1,0
3,2,0
3,3,0
3,4,0
3,5,0
3,6,0
3,7,22
3,8,13
3,9,0
3,10,0
3,11,24
3,12,5
3,13,4
3,14,21
3,15,8
3,16,0
3,17,0
3,18,0
3,19,0
3,20,0
3,21,17
3,22,11
3,23,19
3,24,9
4,0,0
4,1,0
4,2,17
4,3,0
4,4,8
4,5,0
4,6,25
4,7,0
4,8,2
4,9,10
4,10,0
4,11,0
4,12,23
4,13,14
4,14,20
4,15,0
4,16,7
4,17,0
4,18,0
4,19,0
4,20,18
4,21,0
4,22,0
4,23,0
4,24,0
5,0,4
5,1,24
5,2,0
5,3,0
5,4,7
5,5,0
5,6,2
5,7,0
5,8,0
5,9,17
5,10,11
5,11,13
5,12,18
5,13,0
5,14,5
5,15,12
5,16,0
5,17,22
5,18,0
5,19,10
5,20,14
5,21,20
5,22,25
5,23,0
5,24,0
6,0,10
6,1,0
6,2,25
6,3,20
6,4,0
6,5,0
6,6,22
6,7,1
6,8,21
6,9,16
6,10,0
6,11,0
6,12,0
6,13,0
6,14,0
6,15,17
6,16,0
6,17,8
6,18,0
6,19,0
6,20,0
6,21,0
6,22,0
6,23,0
6,24,18
7,0,9
7,1,1
7,2,0
7,3,0
7,4,0
7,5,5
7,6,24
7,7,18
7,8,0
7,9,0
7,10,0
7,11,0
7,12,0
7,13,0
7,14,0
7,15,0
7,16,0
7,17,0
7,18,0
7,19,6
7,20,13
7,21,0
7,22,0
7,23,17
7,24,0
8,0,17
8,1,3
8,2,18
8,3,0
8,4,0
8,5,13
8,6,11
8,7,7
8,8,0
8,9,0
8,10,16
8,11,0
8,12,0
8,13,12
8,14,23
8,15,21
8,16,2
8,17,0
8,18,14
8,19,4
8,20,0
8,21,0
8,22,24
8,23,0
8,24,0
9,0,13
9,1,22
9,2,0
9,3,0
9,4,16
9,5,6
9,6,4
9,7,0
9,8,0
9,9,0
9,10,0
9,11,20
9,12,0
9,13,0
9,14,9
9,15,0
9,16,24
9,17,1
9,18,7
9,19,3
9,20,0
9,21,8
9,22,0
9,23,21
9,24,0
10,0,25
10,1,10
10,2,0
10,3,0
10,4,0
10,5,0
10,6,0
10,7,0
10,8,0
10,9,7
10,10,0
10,11,23
10,12,8
10,13,0
10,14,11
10,15,6
10,16,0
10,17,17
10,18,15
10,19,0
10,20,0
10,21,0
10,22,0
10,23,4
10,24,0
11,0,0
11,1,0
11,2,21
11,3,1
11,4,23
11,5,0
11,6,0
11,7,24
11,8,4
11,9,14
11,10,25
11,11,0
11,12,17
11,13,0
11,14,0
11,15,0
11,16,0
11,17,0
11,18,0
11,19,0
11,20,19
11,21,6
11,22,0
11,23,0
11,24,0
12,0,0
12,1,18
12,2,0
12,3,0
12,4,0
12,5,15
12,6,0
12,7,0
12,8,0
12,9,25
12,10,10
12,11,21
12,12,0
12,13,7
12,14,2
12,15,23
12,16,0
12,17,0
12,18,0
12,19,19
12,20,0
12,21,0
12,22,0
12,23,5
12,24,0
13,0,0
13,1,0
13,2,0
13,3,11
13,4,17
13,5,0
13,6,0
13,7,0
13,8,0
13,9,0
13,10,0
13,11,0
13,12,1
13,13,0
13,14,4
13,15,13
13,16,20
13,17,25
13,18,0
13,19,0
13,20,16
13,21,14
13,22,22
13,23,0
13,24,0
14,0,0
14,1,13
14,2,0
14,3,0
14,4,0
14,5,0
14,6,1
14,7,11
14,8,0
14,9,23
14,10,24
14,11,0
14,12,6
14,13,19
14,14,0
14,15,3
14,16,0
14,17,0
14,18,0
14,19,0
14,20,0
14,21,0
14,22,0
14,23,25
14,24,20
15,0,0
15,1,11
15,2,0
15,3,17
15,4,0
15,5,4
15,6,15
15,7,2
15,8,14
15,9,0
15,10,5
15,11,0
15,12,0
15,13,16
15,14,0
15,15,0
15,16,0
15,17,0
15,18,19
15,19,18
15,20,9
15,21,0
15,22,0
15,23,13
15,24,24
16,0,0
16,1,0
16,2,4
16,3,0
16,4,0
16,5,25
16,6,19
16,7,0
16,8,7
16,9,22
16,10,2
16,11,18
16,12,0
16,13,0
16,14,24
16,15,0
16,16,0
16,17,10
16,18,13
16,19,14
16,20,0
16,21,0
16,22,8
16,23,1
16,24,6
17,0,0
17,1,15
17,2,0
17,3,0
17,4,24
17,5,8
17,6,0
17,7,0
17,8,0
17,9,0
17,10,0
17,11,0
17,12,0
17,13,0
17,14,0
17,15,0
17,16,0
17,17,7
17,18,25
17,19,17
17,20,0
17,21,0
17,22,0
17,23,14
17,24,5
18,0,7
18,1,0
18,2,0
18,3,0
18,4,0
18,5,0
18,6,0
18,7,17
18,8,0
18,9,9
18,10,0
18,11,0
18,12,0
18,13,0
18,14,0
18,15,24
18,16,5
18,17,6
18,18,4
18,19,0
18,20,0
18,21,18
18,22,21
18,23,0
18,24,10
19,0,0
19,1,0
19,2,13
19,3,19
19,4,2
19,5,11
19,6,0
19,7,21
19,8,0
19,9,24
19,10,7
19,11,0
19,12,14
19,13,6
19,14,22
19,15,16
19,16,0
19,17,0
19,18,1
19,19,0
19,20,15
19,21,0
19,22,0
19,23,23
19,24,4
20,0,0
20,1,0
20,2,0
20,3,0
20,4,6
20,5,0
20,6,0
20,7,0
20,8,11
20,9,0
20,10,20
20,11,7
20,12,12
20,13,0
20,14,0
20,15,5
20,16,16
20,17,0
20,18,10
20,19,0
20,20,4
20,21,0
20,22,9
20,23,0
20,24,0
21,0,19
21,1,4
21,2,16
21,3,18
21,4,0
21,5,0
21,6,0
21,7,0
21,8,0
21,9,12
21,10,22
21,11,15
21,12,24
21,13,13
21,14,0
21,15,0
21,16,23
21,17,21
21,18,0
21,19,0
21,20,0
21,21,0
21,22,0
21,23,0
21,24,17
22,0,5
22,1,0
22,2,10
22,3,0
22,4,0
22,5,1
22,6,0
22,7,0
22,8,0
22,9,0
22,10,0
22,11,0
22,12,21
22,13,2
22,14,8
22,15,0
22,16,0
22,17,0
22,18,20
22,19,0
22,20,0
22,21,12
22,22,0
22,23,11
22,24,0
23,0,0
23,1,12
23,2,15
23,3,0
23,4,1
23,5,18
23,6,7
23,7,0
23,8,0
23,9,0
23,10,14
23,11,0
23,12,16
23,13,0
23,14,17
23,15,0
23,16,25
23,17,0
23,18,0
23,19,0
23,20,0
23,21,21
23,22,10
23,23,20
23,24,22
24,0,14
24,1,25
24,2,20
24,3,21
24,4,0
24,5,0
24,6,0
24,7,6
24,8,23
24,9,0
24,10,0
24,11,5
24,12,11
24,13,10
24,14,19
24,15,4
24,16,15
24,17,0
24,18,24
24,19,22
24,20,0
24,21,0
24,22,16
24,23,0
24,24,7
