0,0,9
0,1,0
0,2,0
0,3,0
0,4,0
0,5,0
0,6,0
0,7,0
0,8,7
0,9,20
0,10,0
0,11,24
0,12,0
0,13,21
0,14,16
0,15,0
0,16,0
0,17,22
0,18,0
0,19,12
0,20,15
0,21,0
0,22,10
0,23,0
0,24,8
1,0,0
1,1,19
1,2,11
1,3,3
1,4,24
1,5,0
1,6,15
1,7,0
1,8,0
1,9,0
1,10,12
1,11,2
1,12,1
1,13,25
1,14,0
1,15,0
1,16,20
1,17,5
1,18,0
1,19,10
1,20,0
1,21,0
1,22,0
1,23,6
1,24,13
2,0,0
2,1,18
2,2,10
2,3,0
2,4,14
2,5,1
2,6,8
2,7,12
2,8,25
2,9,0
2,10,20
2,11,0
2,12,0
2,13,0
2,14,0
2,15,0
2,16,11
2,17,0
2,18,0
2,19,16
2,20,3
2,21,0
2,22,2
2,23,24
2,24,0
3,0,1
3,1,12
3,2,0
3,3,25
3,4,0
3,5,0
3,6,22
3,7,0
3,8,17
3,9,0
3,10,0
3,11,0
3,12,10
3,13,0
3,14,0
3,15,0
3,16,21
3,17,0
3,18,14
3,19,0
3,20,0
3,21,20
3,22,18
3,23,23
3,24,0
4,0,0
4,1,0
4,2,22
4,3,16
4,4,0
4,5,10
4,6,9
4,7,0
4,8,0
4,9,0
4,10,0
4,11,11
4,12,0
4,13,6
4,14,0
4,15,2
4,16,0
4,17,0
4,18,25
4,19,8
4,20,0
4,21,1
4,22,0
4,23,0
4,24,0
5,0,0
5,1,0
5,2,25
5,3,1
5,4,8
5,5,0
5,6,0
5,7,0
5,8,0
5,9,3
5,10,0
5,11,17
5,12,0
5,13,16
5,14,0
5,15,5
5,16,0
5,17,7
5,18,0
5,19,0
5,20,12
5,21,0
5,22,14
5,23,0
5,24,6
6,0,0
6,1,21
6,2,0
6,3,0
6,4,0
6,5,17
6,6,14
6,7,7
6,8,19
6,9,0
6,10,0
6,11,18
6,12,24
6,13,8
6,14,0
6,15,6
6,16,0
6,17,25
6,18,4
6,19,0
6,20,0
6,21,13
6,22,23
6,23,2
6,24,0
7,0,0
7,1,0
7,2,7
7,3,15
7,4,0
7,5,4
7,6,0
7,7,5
7,8,0
7,9,0
7,10,0
7,11,14
7,12,0
7,13,1
7,14,0
7,15,0
7,16,0
7,17,0
7,18,0
7,19,17
7,20,0
7,21,0
7,22,22
7,23,0
7,24,21
8,0,0
8,1,0
8,2,19
8,3,0
8,4,0
8,5,0
8,6,0
8,7,1
8,8,16
8,9,0
8,10,0
8,11,0
8,12,15
8,13,0
8,14,6
8,15,0
8,16,0
8,17,0
8,18,3
8,19,0
8,20,0
8,21,10
8,22,11
8,23,0
8,24,24
9,0,24
9,1,0
9,2,0
9,3,0
9,4,6
9,5,0
9,6,13
9,7,0
9,8,0
9,9,0
9,10,0
9,11,9
9,12,7
9,13,10
9,14,2
9,15,0
9,16,16
9,17,0
9,18,23
9,19,21
9,20,1
9,21,0
9,22,0
9,23,5
9,24,0
10,0,0
10,1,6
10,2,0
10,3,11
10,4,10
10,5,0
10,6,1
10,7,0
10,8,8
10,9,25
10,10,17
10,11,23
10,12,0
10,13,0
10,14,0
10,15,0
10,16,0
10,17,14
10,18,0
10,19,15
10,20,0
10,21,0
10,22,21
10,23,20
10,24,0
11,0,23
11,1,7
11,2,0
11,3,20
11,4,21
11,5,16
11,6,17
11,7,10
11,8,0
11,9,0
11,10,0
11,11,0
11,12,19
11,13,0
11,14,25
11,15,0
11,16,8
11,17,4
11,18,0
11,19,6
11,20,13
11,21,0
11,22,24
11,23,0
11,24,0
12,0,14
12,1,0
12,2,18
12,3,17
12,4,0
12,5,13
12,6,0
12,7,0
12,8,0
12,9,9
12,10,0
12,11,0
12,12,21
12,13,0
12,14,0
12,15,11
12,16,0
12,17,0
12,18,0
12,19,1
12,20,0
12,21,15
12,22,6
12,23,0
12,24,19
13,0,0
13,1,0
13,2,12
13,3,0
13,4,19
13,5,5
13,6,0
13,7,11
13,8,21
13,9,0
13,10,13
13,11,0
13,12,6
13,13,0
13,14,0
13,15,0
13,16,0
13,17,20
13,18,10
13,19,22
13,20,14
13,21,25
13,22,0
13,23,9
13,24,2
14,0,0
14,1,1
14,2,15
14,3,0
14,4,0
14,5,20
14,6,0
14,7,24
14,8,0
14,9,0
14,10,0
14,11,0
14,12,0
14,13,11
14,14,4
14,15,3
14,16,25
14,17,0
14,18,16
14,19,0
14,20,10
14,21,23
14,22,0
14,23,22
14,24,0
15,0,0
15,1,5
15,2,0
15,3,0
15,4,11
15,5,3
15,6,24
15,7,0
15,8,13
15,9,0
15,10,4
15,11,12
15,12,2
15,13,9
15,14,0
15,15,0
15,16,0
15,17,0
15,18,6
15,19,0
15,20,25
15,21,0
15,22,0
15,23,0
15,24,20
16,0,20
16,1,0
16,2,8
16,3,14
16,4,0
16,5,0
16,6,4
16,7,0
16,8,0
16,9,0
16,10,24
16,11,0
16,12,22
16,13,0
16,14,0
16,15,0
16,16,7
16,17,17
16,18,0
16,19,0
16,20,0
16,21,0
16,22,13
16,23,0
16,24,0
17,0,22
17,1,0
17,2,24
17,3,0
17,4,0
17,5,15
17,6,0
17,7,0
17,8,0
17,9,0
17,10,0
17,11,6
17,12,0
17,13,19
17,14,0
17,15,0
17,16,0
17,17,3
17,18,0
17,19,2
17,20,0
17,21,11
17,22,5
17,23,0
17,24,0
18,0,0
18,1,9
18,2,6
18,3,18
18,4,0
18,5,0
18,6,7
18,7,17
18,8,0
18,9,21
18,10,0
18,11,8
18,12,13
18,13,14
18,14,0
18,15,0
18,16,24
18,17,16
18,18,22
18,19,23
18,20,0
18,21,0
18,22,0
18,23,12
18,24,0
19,0,3
19,1,0
19,2,23
19,3,0
19,4,12
19,5,0
19,6,0
19,7,22
19,8,0
19,9,14
19,10,0
19,11,21
19,12,0
19,13,18
19,14,0
19,15,8
19,16,0
19,17,0
19,18,0
19,19,0
19,20,17
19,21,24
19,22,4
19,23,0
19,24,0
20,0,0
20,1,0
20,2,0
20,3,22
20,4,0
20,5,9
20,6,20
20,7,0
20,8,0
20,9,8
20,10,0
20,11,13
20,12,0
20,13,2
20,14,0
20,15,0
20,16,0
20,17,0
20,18,18
20,19,14
20,20,0
20,21,19
20,22,7
20,23,0
20,24,0
21,0,0
21,1,15
21,2,1
21,3,6
21,4,0
21,5,0
21,6,21
21,7,0
21,8,24
21,9,0
21,10,0
21,11,0
21,12,9
21,13,0
21,14,0
21,15,0
21,16,13
21,17,0
21,18,17
21,19,0
21,20,0
21,21,2
21,22,0
21,23,10
21,24,16
22,0,0
22,1,8
22,2,14
22,3,0
22,4,9
22,5,12
22,6,0
22,7,0
22,8,1
22,9,0
22,10,0
22,11,0
22,12,0
22,13,0
22,14,11
22,15,0
22,16,3
22,17,10
22,18,24
22,19,25
22,20,6
22,21,0
22,22,15
22,23,18
22,24,0
23,0,7
23,1,24
23,2,0
23,3,0
23,4,0
23,5,6
23,6,0
23,7,13
23,8,10
23,9,0
23,10,0
23,11,19
23,12,18
23,13,5
23,14,22
23,15,0
23,16,0
23,17,0
23,18,2
23,19,0
23,20,9
23,21,4
23,22,1
23,23,8
23,24,0
24,0,19
24,1,0
24,2,20
24,3,0
24,4,16
24,5,22
24,6,0
24,7,15
24,8,0
24,9,0
24,10,1
24,11,10
24,12,0
24,13,24
24,14,0
24,15,23
24,16,5
24,17,0
24,18,0
24,19,0
24,20,0
24,21,0
24,22,0
24,23,0
24,24,14
