0,0,0
0,1,11
0,2,0
0,3,13
0,4,2
0,5,6
0,6,12
0,7,18
0,8,19
0,9,0
0,10,20
0,11,1
0,12,0
0,13,0
0,14,0
0,15,0
0,16,0
0,17,4
0,18,0
0,19,0
0,20,0
0,21,5
0,22,3
0,23,23
0,24,0
1,0,15
1,1,0
1,2,0
1,3,10
1,4,0
1,5,0
1,6,25
1,7,5
1,8,0
1,9,0
1,10,0
1,11,0
1,12,0
1,13,0
1,14,14
1,15,0
1,16,0
1,17,0
1,18,12
1,19,6
1,20,1
1,21,20
1,22,13
1,23,0
1,24,21
2,0,0
2,1,0
2,2,0
2,3,0
2,4,0
2,5,20
2,6,0
2,7,9
2,8,0
2,9,0
2,10,13
2,11,0
2,12,0
2,13,0
2,14,23
2,15,14
2,16,18
2,17,3
2,18,0
2,19,0
2,20,0
2,21,25
2,22,0
2,23,8
2,24,15
3,0,0
3,1,25
3,2,0
3,3,18
3,4,24
3,5,3
3,6,10
3,7,0
3,8,8
3,9,0
3,10,15
3,11,0
3,12,0
3,13,0
3,14,6
3,15,0
3,16,22
3,17,0
3,18,1
3,19,21
3,20,17
3,21,0
3,22,0
3,23,16
3,24,7
4,0,0
4,1,0
4,2,12
4,3,0
4,4,16
4,5,0
4,6,13
4,7,0
4,8,17
4,9,0
4,10,11
4,11,24
4,12,0
4,13,18
4,14,0
4,15,0
4,16,0
4,17,0
4,18,8
4,19,5
4,20,0
4,21,0
4,22,19
4,23,10
4,24,0
5,0,0
5,1,7
5,2,18
5,3,8
5,4,0
5,5,0
5,6,14
5,7,23
5,8,0
5,9,0
5,10,6
5,11,0
5,12,19
5,13,21
5,14,0
5,15,12
5,16,0
5,17,0
5,18,0
5,19,17
5,20,16
5,21,0
5,22,0
5,23,0
5,24,0
6,0,9
6,1,0
6,2,0
6,3,0
6,4,21
6,5,17
6,6,0
6,7,22
6,8,16
6,9,13
6,10,0
6,11,14
6,12,12
6,13,7
6,14,5
6,15,0
6,16,25
6,17,0
6,18,3
6,19,0
6,20,23
6,21,4
6,22,6
6,23,0
6,24,0
7,0,19
7,1,0
7,2,0
7,3,0
7,4,22
7,5,0
7,6,8
7,7,0
7,8,0
7,9,0
7,10,25
7,11,9
7,12,0
7,13,0
7,14,0
7,15,0
7,16,0
7,17,0
7,18,0
7,19,0
7,20,0
7,21,0
7,22,0
7,23,15
7,24,0
8,0,0
8,1,23
8,2,0
8,3,0
8,4,0
8,5,0
8,6,0
8,7,1
8,8,10
8,9,5
8,10,0
8,11,4
8,12,18
8,13,0
8,14,0
8,15,0
8,16,0
8,17,6
8,18,22
8,19,9
8,20,0
8,21,2
8,22,12
8,23,0
8,24,0
9,0,10
9,1,12
9,2,6
9,3,0
9,4,0
9,5,21
9,6,0
9,7,25
9,8,0
9,9,0
9,10,24
9,11,0
9,12,2
9,13,0
9,14,13
9,15,0
9,16,0
9,17,0
9,18,0
9,19,0
9,20,14
9,21,7
9,22,22
9,23,0
9,24,17
10,0,7
10,1,4
10,2,21
10,3,0
10,4,11
10,5,0
10,6,9
10,7,10
10,8,13
10,9,3
10,10,0
10,11,0
10,12,16
10,13,15
10,14,0
10,15,17
10,16,0
10,17,23
10,18,0
10,19,0
10,20,0
10,21,0
10,22,1
10,23,0
10,24,12
11,0,0
11,1,0
11,2,0
11,3,16
11,4,9
11,5,0
11,6,0
11,7,21
11,8,0
11,9,0
11,10,14
11,11,12
11,12,11
11,13,23
11,14,0
11,15,0
11,16,0
11,17,0
11,18,0
11,19,7
11,20,20
11,21,10
11,22,0
11,23,0
11,24,25
12,0,25
12,1,0
12,2,2
12,3,0
12,4,0
12,5,0
12,6,1
12,7,12
12,8,0
12,9,0
12,10,0
12,11,0
12,12,0
12,13,0
12,14,0
12,15,0
12,16,0
12,17,16
12,18,21
12,19,0
12,20,0
12,21,0
12,22,11
12,23,0
12,24,6
13,0,18
13,1,0
13,2,0
13,3,6
13,4,14
13,5,23
13,6,0
13,7,0
13,8,0
13,9,0
13,10,0
13,11,7
13,12,25
13,13,10
13,14,3
13,15,0
13,16,0
13,17,1
13,18,0
13,19,0
13,20,9
13,21,16
13,22,0
13,23,0
13,24,0
14,0,12
14,1,0
14,2,5
14,3,0
14,4,0
14,5,0
14,6,0
14,7,2
14,8,0
14,9,24
14,10,0
14,11,18
14,12,13
14,13,0
14,14,0
14,15,6
14,16,15
14,17,20
14,18,11
14,19,0
14,20,4
14,21,0
14,22,23
14,23,7
14,24,19
15,0,16
15,1,0
15,2,24
15,3,25
15,4,17
15,5,0
15,6,0
15,7,0
15,8,0
15,9,0
15,10,1
15,11,0
15,12,14
15,13,0
15,14,11
15,15,0
15,16,0
15,17,21
15,18,0
15,19,22
15,20,0
15,21,0
15,22,20
15,23,12
15,24,9
16,0,0
16,1,0
16,2,4
16,3,20
16,4,0
16,5,19
16,6,11
16,7,3
16,8,0
16,9,0
16,10,0
16,11,0
16,12,15
16,13,6
16,14,0
16,15,10
16,16,8
16,17,24
16,18,0
16,19,0
16,20,0
16,21,0
16,22,0
16,23,2
16,24,0
17,0,0
17,1,21
17,2,0
17,3,0
17,4,0
17,5,0
17,6,0
17,7,0
17,8,0
17,9,0
17,10,0
17,11,0
17,12,0
17,13,9
17,14,12
17,15,0
17,16,0
17,17,0
17,18,16
17,19,0
17,20,15
17,21,0
17,22,0
17,23,0
17,24,8
18,0,0
18,1,0
18,2,9
18,3,1
18,4,10
18,5,0
18,6,20
18,7,0
18,8,12
18,9,0
18,10,22
18,11,5
18,12,23
18,13,4
18,14,0
18,15,18
18,16,3
18,17,17
18,18,0
18,19,13
18,20,11
18,21,0
18,22,0
18,23,0
18,24,24
19,0,0
19,1,0
19,2,0
19,3,0
19,4,18
19,5,1
19,6,0
19,7,0
19,8,0
19,9,8
19,10,0
19,11,25
19,12,24
19,13,0
19,14,10
19,15,0
19,16,0
19,17,14
19,18,19
19,19,0
19,20,0
19,21,13
19,22,4
19,23,22
19,24,0
20,0,0
20,1,17
20,2,16
20,3,0
20,4,0
20,5,14
20,6,4
20,7,0
20,8,0
20,9,0
20,10,0
20,11,19
20,12,0
20,13,22
20,14,8
20,15,0
20,16,9
20,17,0
20,18,20
20,19,0
20,20,13
20,21,0
20,22,25
20,23,0
20,24,0
21,0,4
21,1,1
21,2,0
21,3,0
21,4,19
21,5,13
21,6,16
21,7,0
21,8,20
21,9,0
21,10,18
21,11,0
21,12,0
21,13,0
21,14,17
21,15,0
21,16,10
21,17,0
21,18,25
21,19,14
21,20,22
21,21,6
21,22,0
21,23,11
21,24,0
22,0,3
22,1,14
22,2,0
22,3,9
22,4,0
22,5,0
22,6,0
22,7,17
22,8,21
22,9,25
22,10,10
22,11,0
22,12,0
22,13,0
22,14,16
22,15,0
22,16,0
22,17,12
22,18,0
22,19,8
22,20,0
22,21,0
22,22,0
22,23,0
22,24,0
23,0,8
23,1,0
23,2,10
23,3,15
23,4,12
23,5,2
23,6,23
23,7,0
23,8,0
23,9,0
23,10,4
23,11,0
23,12,0
23,13,0
23,14,0
23,15,0
23,16,0
23,17,19
23,18,24
23,19,0
23,20,0
23,21,21
23,22,0
23,23,0
23,24,1
24,0,0
24,1,20
24,2,25
24,3,22
24,4,0
24,5,0
24,6,0
24,7,8
24,8,0
24,9,0
24,10,0
24,11,0
24,12,0
24,13,5
24,14,24
24,15,0
24,16,17
24,17,18
24,18,6
24,19,2
24,20,10
24,21,12
24,22,0
24,23,14
24,24,0
