0,0,3
0,1,0
0,2,0
0,3,0
0,4,0
0,5,0
0,6,0
0,7,23
0,8,22
0,9,0
0,10,9
0,11,0
0,12,0
0,13,0
0,14,0
0,15,6
0,16,24
0,17,21
0,18,15
0,19,0
0,20,0
0,21,0
0,22,11
0,23,0
0,24,0
1,0,9
1,1,18
1,2,14
1,3,11
1,4,21
1,5,6
1,6,0
1,7,0
1,8,0
1,9,0
1,10,0
1,11,19
1,12,1
1,13,5
1,14,0
1,15,0
1,16,0
1,17,0
1,18,0
1,19,8
1,20,0
1,21,0
1,22,0
1,23,22
1,24,13
2,0,5
2,1,0
2,2,0
2,3,0
2,4,0
2,5,14
2,6,0
2,7,0
2,8,0
2,9,7
2,10,6
2,11,0
2,12,0
2,13,0
2,14,13
2,15,0
2,16,22
2,17,9
2,18,0
2,19,17
2,20,0
2,21,16
2,22,0
2,23,10
2,24,0
3,0,0
3,1,0
3,2,0
3,3,10
3,4,23
3,5,0
3,6,0
3,7,2
3,8,0
3,9,0
3,10,0
3,11,0
3,12,14
3,13,0
3,14,20
3,15,0
3,16,4
3,17,0
3,18,16
3,19,0
3,20,6
3,21,0
3,22,0
3,23,19
3,24,0
4,0,13
4,1,22
4,2,0
4,3,0
4,4,6
4,5,19
4,6,0
4,7,20
4,8,9
4,9,0
4,10,0
4,11,23
4,12,0
4,13,4
4,14,18
4,15,0
4,16,0
4,17,0
4,18,14
4,19,0
4,20,15
4,21,0
4,22,2
4,23,0
4,24,21
5,0,0
5,1,0
5,2,20
5,3,21
5,4,0
5,5,22
5,6,1
5,7,0
5,8,0
5,9,4
5,10,18
5,11,0
5,12,0
5,13,16
5,14,10
5,15,19
5,16,25
5,17,0
5,18,0
5,19,12
5,20,24
5,21,0
5,22,0
5,23,0
5,24,0
6,0,4
6,1,0
6,2,0
6,3,0
6,4,12
6,5,0
6,6,20
6,7,16
6,8,0
6,9,0
6,10,0
6,11,8
6,12,0
6,13,0
6,14,6
6,15,15
6,16,0
6,17,24
6,18,9
6,19,0
6,20,0
6,21,25
6,22,0
6,23,0
6,24,0
7,0,0
7,1,0
7,2,17
7,3,7
7,4,5
7,5,0
7,6,19
7,7,21
7,8,0
7,9,0
7,10,3
7,11,2
7,12,9
7,13,12
7,14,22
7,15,23
7,16,20
7,17,0
7,18,0
7,19,0
7,20,0
7,21,0
7,22,0
7,23,11
7,24,16
8,0,0
8,1,0
8,2,0
8,3,6
8,4,0
8,5,3
8,6,0
8,7,9
8,8,8
8,9,23
8,10,0
8,11,7
8,12,5
8,13,0
8,14,25
8,15,0
8,16,0
8,17,0
8,18,17
8,19,0
8,20,12
8,21,2
8,22,20
8,23,13
8,24,19
9,0,16
9,1,0
9,2,0
9,3,15
9,4,11
9,5,0
9,6,0
9,7,5
9,8,25
9,9,10
9,10,23
9,11,0
9,12,0
9,13,1
9,14,0
9,15,14
9,16,0
9,17,4
9,18,3
9,19,0
9,20,18
9,21,0
9,22,17
9,23,0
9,24,22
10,0,12
10,1,0
10,2,8
10,3,25
10,4,19
10,5,2
10,6,0
10,7,0
10,8,24
10,9,0
10,10,5
10,11,21
10,12,10
10,13,0
10,14,0
10,15,16
10,16,0
10,17,0
10,18,0
10,19,23
10,20,13
10,21,20
10,22,1
10,23,14
10,24,0
11,0,0
11,1,5
11,2,0
11,3,0
11,4,0
11,5,9
11,6,12
11,7,7
11,8,18
11,9,6
11,10,0
11,11,0
11,12,13
11,13,0
11,14,0
11,15,21
11,16,17
11,17,0
11,18,0
11,19,11
11,20,19
11,21,0
11,22,24
11,23,15
11,24,0
12,0,0
12,1,24
12,2,0
12,3,18
12,4,0
12,5,0
12,6,0
12,7,8
12,8,1
12,9,16
12,10,0
12,11,17
12,12,0
12,13,11
12,14,0
12,15,4
12,16,19
12,17,13
12,18,0
12,19,0
12,20,0
12,21,3
12,22,0
12,23,5
12,24,0
13,0,0
13,1,3
13,2,23
13,3,0
13,4,7
13,5,15
13,6,0
13,7,0
13,8,10
13,9,20
13,10,0
13,11,0
13,12,6
13,13,0
13,14,0
13,15,24
13,16,5
13,17,25
13,18,22
13,19,1
13,20,0
13,21,0
13,22,0
13,23,17
13,24,0
14,0,0
14,1,6
14,2,10
14,3,13
14,4,2
14,5,17
14,6,0
14,7,0
14,8,0
14,9,5
14,10,0
14,11,0
14,12,15
14,13,8
14,14,9
14,15,0
14,16,18
14,17,0
14,18,0
14,19,7
14,20,11
14,21,12
14,22,22
14,23,0
14,24,23
15,0,25
15,1,0
15,2,9
15,3,0
15,4,15
15,5,0
15,6,23
15,7,3
15,8,0
15,9,13
15,10,0
15,11,20
15,12,0
15,13,0
15,14,16
15,15,17
15,16,8
15,17,18
15,18,0
15,19,0
15,20,22
15,21,11
15,22,0
15,23,0
15,24,24
16,0,18
16,1,8
16,2,22
16,3,12
16,4,20
16,5,0
16,6,9
16,7,0
16,8,0
16,9,0
16,10,2
16,11,0
16,12,24
16,13,14
16,14,0
16,15,5
16,16,11
16,17,6
16,18,0
16,19,21
16,20,0
16,21,4
16,22,0
16,23,0
16,24,0
17,0,6
17,1,10
17,2,0
17,3,0
17,4,0
17,5,0
17,6,0
17,7,0
17,8,11
17,9,2
17,10,8
17,11,1
17,12,18
17,13,17
17,14,5
17,15,0
17,16,0
17,17,23
17,18,25
17,19,0
17,20,21
17,21,15
17,22,13
17,23,0
17,24,0
18,0,0
18,1,0
18,2,0
18,3,23
18,4,0
18,5,0
18,6,5
18,7,25
18,8,0
18,9,15
18,10,11
18,11,0
18,12,0
18,13,22
18,14,0
18,15,0
18,16,0
18,17,12
18,18,7
18,19,0
18,20,16
18,21,0
18,22,0
18,23,0
18,24,10
19,0,0
19,1,0
19,2,0
19,3,0
19,4,13
19,5,18
19,6,0
19,7,0
19,8,19
19,9,24
19,10,10
19,11,4
19,12,0
19,13,0
19,14,23
19,15,22
19,16,0
19,17,0
19,18,1
19,19,20
19,20,0
19,21,7
19,22,5
19,23,0
19,24,0
20,0,23
20,1,0
20,2,6
20,3,0
20,4,22
20,5,0
20,6,8
20,7,0
20,8,0
20,9,0
20,10,25
20,11,15
20,12,0
20,13,10
20,14,0
20,15,0
20,16,16
20,17,7
20,18,0
20,19,3
20,20,5
20,21,0
20,22,0
20,23,4
20,24,14
21,0,0
21,1,12
21,2,0
21,3,0
21,4,18
21,5,0
21,6,7
21,7,0
21,8,14
21,9,0
21,10,13
21,11,0
21,12,16
21,13,0
21,14,0
21,15,0
21,16,0
21,17,17
21,18,0
21,19,0
21,20,20
21,21,24
21,22,0
21,23,0
21,24,0
22,0,0
22,1,13
22,2,0
22,3,9
22,4,0
22,5,5
22,6,0
22,7,10
22,8,3
22,9,0
22,10,21
22,11,0
22,12,0
22,13,0
22,14,1
22,15,2
22,16,0
22,17,0
22,18,0
22,19,22
22,20,0
22,21,0
22,22,0
22,23,0
22,24,8
23,0,14
23,1,21
23,2,0
23,3,0
23,4,0
23,5,24
23,6,0
23,7,0
23,8,0
23,9,0
23,10,0
23,11,3
23,12,7
23,13,20
23,14,0
23,15,0
23,16,0
23,17,0
23,18,0
23,19,4
23,20,25
23,21,13
23,22,9
23,23,12
23,24,2
24,0,0
24,1,0
24,2,16
24,3,0
24,4,0
24,5,0
24,6,2
24,7,1
24,8,4
24,9,25
24,10,0
24,11,0
24,12,0
24,13,0
24,14,24
24,15,0
24,16,13
24,17,19
24,18,0
24,19,0
24,20,0
24,21,0
24,22,0
24,23,0
24,24,11
