0,0,25
0,1,11
0,2,0
0,3,22
0,4,21
0,5,16
0,6,15
0,7,0
0,8,0
0,9,0
0,10,0
0,11,0
0,12,9
0,13,0
0,14,5
0,15,0
0,16,0
0,17,0
0,18,4
0,19,6
0,20,0
0,21,0
0,22,7
0,23,19
0,24,0
1,0,19
1,1,9
1,2,8
1,3,0
1,4,18
1,5,20
1,6,0
1,7,0
1,8,0
1,9,0
1,10,1
1,11,0
1,12,0
1,13,23
1,14,14
1,15,0
1,16,10
1,17,0
1,18,0
1,19,17
1,20,21
1,21,5
1,22,25
1,23,22
1,24,3
2,0,0
2,1,7
2,2,0
2,3,3
2,4,23
2,5,10
2,6,0
2,7,25
2,8,9
2,9,0
2,10,13
2,11,0
2,12,17
2,13,0
2,14,12
2,15,0
2,16,21
2,17,0
2,18,0
2,19,8
2,20,0
2,21,4
2,22,1
2,23,6
2,24,20
3,0,20
3,1,0
3,2,0
3,3,12
3,4,10
3,5,0
3,6,0
3,7,0
3,8,0
3,9,7
3,10,19
3,11,25
3,12,0
3,13,0
3,14,0
3,15,18
3,16,11
3,17,3
3,18,24
3,19,23
3,20,0
3,21,16
3,22,0
3,23,0
3,24,0
4,0,4
4,1,0
4,2,0
4,3,0
4,4,0
4,5,23
4,6,0
4,7,0
4,8,8
4,9,21
4,10,0
4,11,0
4,12,0
4,13,7
4,14,3
4,15,19
4,16,0
4,17,0
4,18,0
4,19,0
4,20,17
4,21,14
4,22,0
4,23,0
4,24,0
5,0,0
5,1,6
5,2,0
5,3,0
5,4,15
5,5,21
5,6,0
5,7,9
5,8,0
5,9,0
5,10,0
5,11,18
5,12,13
5,13,0
5,14,17
5,15,0
5,16,0
5,17,23
5,18,2
5,19,0
5,20,0
5,21,0
5,22,0
5,23,14
5,24,0
6,0,12
6,1,16
6,2,14
6,3,0
6,4,0
6,5,0
6,6,24
6,7,5
6,8,0
6,9,17
6,10,21
6,11,8
6,12,0
6,13,3
6,14,0
6,15,6
6,16,0
6,17,19
6,18,0
6,19,0
6,20,22
6,21,7
6,22,11
6,23,0
6,24,0
7,0,9
7,1,0
7,2,3
7,3,0
7,4,0
7,5,0
7,6,6
7,7,19
7,8,0
7,9,0
7,10,0
7,11,0
7,12,0
7,13,0
7,14,25
7,15,1
7,16,22
7,17,0
7,18,11
7,19,4
7,20,15
7,21,0
7,22,0
7,23,2
7,24,0
8,0,0
8,1,17
8,2,18
8,3,0
8,4,0
8,5,0
8,6,0
8,7,1
8,8,20
8,9,0
8,10,4
8,11,0
8,12,0
8,13,22
8,14,0
8,15,7
8,16,0
8,17,0
8,18,14
8,19,0
8,20,13
8,21,0
8,22,23
8,23,0
8,24,21
9,0,22
9,1,21
9,2,11
9,3,0
9,4,1
9,5,18
9,6,0
9,7,0
9,8,2
9,9,0
9,10,20
9,11,9
9,12,14
9,13,24
9,14,0
9,15,0
9,16,0
9,17,15
9,18,0
9,19,5
9,20,10
9,21,3
9,22,16
9,23,25
9,24,6
10,0,0
10,1,0
10,2,0
10,3,24
10,4,25
10,5,0
10,6,22
10,7,12
10,8,0
10,9,0
10,10,0
10,11,17
10,12,3
10,13,0
10,14,11
10,15,0
10,16,7
10,17,0
10,18,16
10,19,0
10,20,0
10,21,0
10,22,6
10,23,0
10,24,19
11,0,23
11,1,3
11,2,12
11,3,0
11,4,0
11,5,25
11,6,0
11,7,0
11,8,21
11,9,0
11,10,0
11,11,22
11,12,10
11,13,0
11,14,24
11,15,9
11,16,2
11,17,1
11,18,20
11,19,0
11,20,0
11,21,0
11,22,4
11,23,0
11,24,17
12,0,0
12,1,13
12,2,15
12,3,0
12,4,0
12,5,3
12,6,0
12,7,0
12,8,4
12,9,0
12,10,0
12,11,1
12,12,7
12,13,12
12,14,0
12,15,0
12,16,6
12,17,0
12,18,0
12,19,18
12,20,0
12,21,0
12,22,20
12,23,16
12,24,0
13,0,7
13,1,0
13,2,16
13,3,0
13,4,0
13,5,0
13,6,9
13,7,20
13,8,13
13,9,11
13,10,6
13,11,0
13,12,18
13,13,5
13,14,0
13,15,0
13,16,19
13,17,0
13,18,0
13,19,22
13,20,0
13,21,0
13,22,8
13,23,3
13,24,15
14,0,14
14,1,0
14,2,6
14,3,0
14,4,0
14,5,0
14,6,19
14,7,0
14,8,5
14,9,0
14,10,25
14,11,0
14,12,4
14,13,8
14,14,0
14,15,0
14,16,0
14,17,10
14,18,21
14,19,0
14,20,18
14,21,22
14,22,0
14,23,0
14,24,0
15,0,24
15,1,12
15,2,7
15,3,14
15,4,11
15,5,13
15,6,0
15,7,2
15,8,0
15,9,0
15,10,0
15,11,5
15,12,25
15,13,9
15,14,8
15,15,0
15,16,15
15,17,0
15,18,0
15,19,19
15,20,20
15,21,0
15,22,3
15,23,1
15,24,4
16,0,8
16,1,0
16,2,10
16,3,0
16,4,6
16,5,0
16,6,25
16,7,0
16,8,0
16,9,9
16,10,0
16,11,12
16,12,0
16,13,0
16,14,15
16,15,0
16,16,14
16,17,5
16,18,0
16,19,0
16,20,0
16,21,0
16,22,2
16,23,11
16,24,0
17,0,0
17,1,22
17,2,0
17,3,0
17,4,9
17,5,14
17,6,5
17,7,0
17,8,15
17,9,20
17,10,3
17,11,0
17,12,0
17,13,0
17,14,0
17,15,0
17,16,0
17,17,11
17,18,23
17,19,0
17,20,0
17,21,0
17,22,10
17,23,0
17,24,12
18,0,0
18,1,0
18,2,20
18,3,2
18,4,5
18,5,0
18,6,0
18,7,23
18,8,0
18,9,4
18,10,0
18,11,11
18,12,0
18,13,16
18,14,10
18,15,21
18,16,0
18,17,13
18,18,22
18,19,0
18,20,0
18,21,0
18,22,9
18,23,8
18,24,14
19,0,0
19,1,4
19,2,0
19,3,0
19,4,0
19,5,0
19,6,8
19,7,3
19,8,0
19,9,0
19,10,14
19,11,0
19,12,19
19,13,20
19,14,0
19,15,0
19,16,0
19,17,9
19,18,0
19,19,25
19,20,23
19,21,0
19,22,0
19,23,18
19,24,0
20,0,0
20,1,0
20,2,0
20,3,25
20,4,14
20,5,0
20,6,0
20,7,0
20,8,0
20,9,5
20,10,24
20,11,23
20,12,0
20,13,0
20,14,0
20,15,12
20,16,9
20,17,0
20,18,0
20,19,2
20,20,0
20,21,0
20,22,0
20,23,0
20,24,16
21,0,0
21,1,0
21,2,0
21,3,1
21,4,0
21,5,17
21,6,11
21,7,8
21,8,16
21,9,3
21,10,0
21,11,0
21,12,0
21,13,25
21,14,9
21,15,13
21,16,0
21,17,0
21,18,0
21,19,0
21,20,24
21,21,20
21,22,0
21,23,0
21,24,18
22,0,10
22,1,2
22,2,9
22,3,13
22,4,0
22,5,22
22,6,0
22,7,0
22,8,24
22,9,0
22,10,8
22,11,0
22,12,21
22,13,0
22,14,16
22,15,0
22,16,1
22,17,6
22,18,0
22,19,11
22,20,5
22,21,12
22,22,0
22,23,4
22,24,0
23,0,16
23,1,19
23,2,24
23,3,5
23,4,12
23,5,1
23,6,0
23,7,0
23,8,23
23,9,0
23,10,22
23,11,10
23,12,0
23,13,0
23,14,7
23,15,0
23,16,0
23,17,0
23,18,0
23,19,14
23,20,3
23,21,0
23,22,13
23,23,9
23,24,8
24,0,0
24,1,18
24,2,23
24,3,0
24,4,0
24,5,9
24,6,12
24,7,0
24,8,0
24,9,0
24,10,15
24,11,0
24,12,20
24,13,0
24,14,0
24,15,0
24,16,0
24,17,0
24,18,10
24,19,24
24,20,1
24,21,17
24,22,0
24,23,7
24,24,25
