0,0,0
0,1,11
0,2,0
0,3,16
0,4,14
0,5,18
0,6,10
0,7,0
0,8,25
0,9,0
0,10,23
0,11,8
0,12,0
0,13,0
0,14,0
0,15,0
0,16,17
0,17,4
0,18,0
0,19,9
0,20,7
0,21,0
0,22,0
0,23,0
0,24,0
1,0,0
1,1,0
1,2,0
1,3,5
1,4,0
1,5,7
1,6,0
1,7,0
1,8,0
1,9,23
1,10,0
1,11,0
1,12,0
1,13,4
1,14,17
1,15,0
1,16,0
1,17,0
1,18,0
1,19,14
1,20,2
1,21,15
1,22,11
1,23,0
1,24,12
2,0,0
2,1,0
2,2,0
2,3,18
2,4,0
2,5,0
2,6,0
2,7,15
2,8,1
2,9,9
2,10,12
2,11,0
2,12,0
2,13,21
2,14,24
2,15,23
2,16,20
2,17,0
2,18,2
2,19,11
2,20,16
2,21,0
2,22,0
2,23,22
2,24,0
3,0,6
3,1,20
3,2,3
3,3,1
3,4,12
3,5,19
3,6,21
3,7,0
3,8,17
3,9,14
3,10,0
3,11,22
3,12,7
3,13,0
3,14,0
3,15,0
3,16,25
3,17,18
3,18,16
3,19,8
3,20,0
3,21,0
3,22,0
3,23,10
3,24,0
4,0,0
4,1,10
4,2,0
4,3,19
4,4,13
4,5,0
4,6,0
4,7,3
4,8,0
4,9,12
4,10,2
4,11,0
4,12,0
4,13,25
4,14,0
4,15,0
4,16,22
4,17,1
4,18,0
4,19,0
4,20,0
4,21,5
4,22,0
4,23,0
4,24,21
5,0,4
5,1,0
5,2,5
5,3,12
5,4,0
5,5,15
5,6,0
5,7,0
5,8,3
5,9,0
5,10,1
5,11,0
5,12,0
5,13,22
5,14,0
5,15,0
5,16,0
5,17,6
5,18,0
5,19,16
5,20,8
5,21,2
5,22,9
5,23,19
5,24,0
6,0,0
6,1,25
6,2,16
6,3,10
6,4,0
6,5,11
6,6,0
6,7,14
6,8,0
6,9,5
6,10,24
6,11,0
6,12,0
6,13,19
6,14,0
6,15,8
6,16,0
6,17,0
6,18,0
6,19,4
6,20,0
6,21,1
6,22,15
6,23,18
6,24,20
7,0,0
7,1,19
7,2,22
7,3,0
7,4,8
7,5,0
7,6,0
7,7,16
7,8,0
7,9,2
7,10,5
7,11,0
7,12,0
7,13,0
7,14,0
7,15,15
7,16,0
7,17,0
7,18,21
7,19,13
7,20,14
7,21,0
7,22,25
7,23,24
7,24,23
8,0,15
8,1,0
8,2,18
8,3,14
8,4,17
8,5,0
8,6,1
8,7,4
8,8,19
8,9,0
8,10,0
8,11,16
8,12,23
8,13,13
8,14,8
8,15,0
8,16,11
8,17,0
8,18,20
8,19,0
8,20,5
8,21,0
8,22,0
8,23,6
8,24,0
9,0,0
9,1,2
9,2,0
9,3,7
9,4,0
9,5,0
9,6,24
9,7,0
9,8,0
9,9,0
9,10,0
9,11,0
9,12,0
9,13,0
9,14,3
9,15,22
9,16,1
9,17,17
9,18,0
9,19,19
9,20,11
9,21,13
9,22,0
9,23,0
9,24,0
10,0,0
10,1,0
10,2,0
10,3,0
10,4,0
10,5,6
10,6,0
10,7,11
10,8,0
10,9,22
10,10,16
10,11,25
10,12,0
10,13,24
10,14,19
10,15,0
10,16,0
10,17,0
10,18,13
10,19,17
10,20,1
10,21,0
10,22,2
10,23,0
10,24,15
11,0,14
11,1,6
11,2,17
11,3,11
11,4,0
11,5,0
11,6,7
11,7,0
11,8,8
11,9,20
11,10,0
11,11,0
11,12,1
11,13,10
11,14,12
11,15,0
11,16,0
11,17,0
11,18,24
11,19,2
11,20,0
11,21,18
11,22,0
11,23,3
11,24,0
12,0,0
12,1,0
12,2,0
12,3,0
12,4,0
12,5,0
12,6,25
12,7,21
12,8,0
12,9,0
12,10,0
12,11,15
12,12,8
12,13,11
12,14,0
12,15,0
12,16,0
12,17,3
12,18,23
12,19,0
12,20,0
12,21,0
12,22,0
12,23,0
12,24,0
13,0,0
13,1,4
13,2,0
13,3,9
13,4,0
13,5,14
13,6,19
13,7,0
13,8,0
13,9,0
13,10,18
13,11,2
13,12,21
13,13,0
13,14,0
13,15,25
13,16,6
13,17,0
13,18,10
13,19,0
13,20,0
13,21,8
13,22,20
13,23,11
13,24,5
14,0,25
14,1,0
14,2,2
14,3,0
14,4,7
14,5,16
14,6,15
14,7,0
14,8,0
14,9,0
14,10,14
14,11,6
14,12,0
14,13,9
14,14,5
14,15,4
14,16,0
14,17,22
14,18,0
14,19,12
14,20,0
14,21,0
14,22,0
14,23,0
14,24,0
15,0,0
15,1,0
15,2,0
15,3,4
15,4,25
15,5,17
15,6,0
15,7,23
15,8,16
15,9,7
15,10,21
15,11,0
15,12,0
15,13,0
15,14,0
15,15,0
15,16,0
15,17,0
15,18,18
15,19,0
15,20,0
15,21,6
15,22,0
15,23,8
15,24,0
16,0,0
16,1,18
16,2,0
16,3,0
16,4,10
16,5,0
16,6,14
16,7,0
16,8,9
16,9,0
16,10,6
16,11,24
16,12,15
16,13,3
16,14,0
16,15,0
16,16,4
16,17,23
16,18,22
16,19,0
16,20,20
16,21,25
16,22,7
16,23,0
16,24,1
17,0,9
17,1,14
17,2,21
17,3,0
17,4,20
17,5,22
17,6,8
17,7,0
17,8,0
17,9,11
17,10,0
17,11,0
17,12,0
17,13,0
17,14,1
17,15,3
17,16,0
17,17,2
17,18,0
17,19,0
17,20,15
17,21,0
17,22,17
17,23,5
17,24,0
18,0,12
18,1,3
18,2,19
18,3,23
18,4,0
18,5,5
18,6,0
18,7,0
18,8,0
18,9,4
18,10,0
18,11,18
18,12,0
18,13,0
18,14,10
18,15,17
18,16,0
18,17,7
18,18,0
18,19,21
18,20,0
18,21,9
18,22,14
18,23,16
18,24,0
19,0,0
19,1,16
19,2,7
19,3,15
19,4,2
19,5,3
19,6,0
19,7,25
19,8,0
19,9,0
19,10,0
19,11,13
19,12,0
19,13,0
19,14,23
19,15,0
19,16,9
19,17,0
19,18,0
19,19,1
19,20,0
19,21,11
19,22,21
19,23,0
19,24,4
20,0,10
20,1,0
20,2,0
20,3,13
20,4,0
20,5,0
20,6,0
20,7,7
20,8,22
20,9,0
20,10,0
20,11,9
20,12,0
20,13,0
20,14,11
20,15,14
20,16,0
20,17,16
20,18,0
20,19,0
20,20,18
20,21,21
20,22,0
20,23,2
20,24,0
21,0,0
21,1,1
21,2,0
21,3,0
21,4,0
21,5,20
21,6,3
21,7,5
21,8,11
21,9,0
21,10,0
21,11,0
21,12,24
21,13,23
21,14,0
21,15,6
21,16,12
21,17,0
21,18,4
21,19,18
21,20,19
21,21,22
21,22,13
21,23,15
21,24,9
22,0,0
22,1,15
22,2,0
22,3,0
22,4,21
22,5,1
22,6,2
22,7,0
22,8,6
22,9,18
22,10,20
22,11,19
22,12,0
22,13,0
22,14,13
22,15,24
22,16,7
22,17,5
22,18,0
22,19,0
22,20,0
22,21,4
22,22,0
22,23,0
22,24,0
23,0,11
23,1,0
23,2,6
23,3,8
23,4,18
23,5,21
23,6,0
23,7,0
23,8,0
23,9,0
23,10,4
23,11,12
23,12,0
23,13,0
23,14,0
23,15,13
23,16,0
23,17,0
23,18,0
23,19,10
23,20,0
23,21,20
23,22,0
23,23,0
23,24,0
24,0,0
24,1,0
24,2,0
24,3,0
24,4,5
24,5,24
24,6,0
24,7,12
24,8,10
24,9,0
24,10,0
24,11,0
24,12,0
24,13,18
24,14,25
24,15,0
24,16,21
24,17,0
24,18,17
24,19,23
24,20,6
24,21,16
24,22,0
24,23,1
24,24,0
