0,0,24
0,1,0
0,2,18
0,3,0
0,4,1
0,5,15
0,6,11
0,7,0
0,8,10
0,9,21
0,10,0
0,11,6
0,12,0
0,13,14
0,14,0
0,15,0
0,16,0
0,17,3
0,18,0
0,19,7
0,20,0
0,21,0
0,22,0
0,23,0
0,24,0
1,0,23
1,1,12
1,2,0
1,3,25
1,4,20
1,5,4
1,6,24
1,7,0
1,8,0
1,9,0
1,10,0
1,11,3
1,12,0
1,13,0
1,14,0
1,15,22
1,16,0
1,17,10
1,18,0
1,19,0
1,20,15
1,21,6
1,22,5
1,23,9
1,24,7
2,0,0
2,1,17
2,2,0
2,3,3
2,4,0
2,5,25
2,6,6
2,7,0
2,8,0
2,9,0
2,10,0
2,11,19
2,12,0
2,13,20
2,14,23
2,15,0
2,16,15
2,17,0
2,18,13
2,19,0
2,20,21
2,21,0
2,22,0
2,23,0
2,24,8
3,0,11
3,1,0
3,2,21
3,3,19
3,4,14
3,5,13
3,6,0
3,7,0
3,8,0
3,9,18
3,10,9
3,11,0
3,12,0
3,13,10
3,14,15
3,15,0
3,16,2
3,17,0
3,18,8
3,19,20
3,20,25
3,21,24
3,22,0
3,23,0
3,24,4
4,0,0
4,1,0
4,2,10
4,3,13
4,4,15
4,5,0
4,6,0
4,7,0
4,8,23
4,9,0
4,10,5
4,11,0
4,12,0
4,13,0
4,14,17
4,15,19
4,16,0
4,17,0
4,18,0
4,19,0
4,20,18
4,21,0
4,22,0
4,23,11
4,24,2
5,0,19
5,1,0
5,2,13
5,3,0
5,4,0
5,5,20
5,6,9
5,7,0
5,8,0
5,9,0
5,10,17
5,11,5
5,12,0
5,13,25
5,14,0
5,15,0
5,16,0
5,17,0
5,18,0
5,19,18
5,20,16
5,21,0
5,22,0
5,23,7
5,24,0
6,0,0
6,1,0
6,2,25
6,3,5
6,4,22
6,5,0
6,6,21
6,7,0
6,8,18
6,9,24
6,10,23
6,11,7
6,12,0
6,13,0
6,14,4
6,15,1
6,16,16
6,17,0
6,18,14
6,19,9
6,20,0
6,21,0
6,22,0
6,23,0
6,24,0
7,0,15
7,1,6
7,2,0
7,3,1
7,4,0
7,5,0
7,6,0
7,7,0
7,8,0
7,9,19
7,10,13
7,11,0
7,12,0
7,13,0
7,14,0
7,15,8
7,16,0
7,17,22
7,18,2
7,19,3
7,20,23
7,21,0
7,22,0
7,23,0
7,24,18
8,0,0
8,1,0
8,2,16
8,3,4
8,4,0
8,5,12
8,6,0
8,7,13
8,8,0
8,9,2
8,10,0
8,11,9
8,12,6
8,13,3
8,14,0
8,15,0
8,16,11
8,17,0
8,18,7
8,19,0
8,20,0
8,21,20
8,22,14
8,23,10
8,24,24
9,0,21
9,1,9
9,2,14
9,3,0
9,4,0
9,5,17
9,6,16
9,7,0
9,8,25
9,9,4
9,10,10
9,11,0
9,12,0
9,13,0
9,14,0
9,15,0
9,16,23
9,17,19
9,18,0
9,19,13
9,20,0
9,21,0
9,22,11
9,23,3
9,24,0
10,0,0
10,1,1
10,2,4
10,3,0
10,4,25
10,5,18
10,6,17
10,7,21
10,8,0
10,9,23
10,10,0
10,11,0
10,12,0
10,13,15
10,14,0
10,15,20
10,16,0
10,17,13
10,18,24
10,19,16
10,20,0
10,21,0
10,22,0
10,23,0
10,24,0
11,0,0
11,1,19
11,2,20
11,3,0
11,4,0
11,5,0
11,6,0
11,7,25
11,8,4
11,9,9
11,10,0
11,11,17
11,12,0
11,13,13
11,14,0
11,15,11
11,16,7
11,17,0
11,18,0
11,19,5
11,20,8
11,21,14
11,22,0
11,23,21
11,24,0
12,0,0
12,1,0
12,2,7
12,3,23
12,4,24
12,5,5
12,6,0
12,7,16
12,8,6
12,9,0
12,10,22
12,11,0
12,12,3
12,13,0
12,14,14
12,15,0
12,16,9
12,17,12
12,18,0
12,19,2
12,20,4
12,21,13
12,22,15
12,23,0
12,24,0
13,0,0
13,1,5
13,2,0
13,3,8
13,4,17
13,5,14
13,6,0
13,7,0
13,8,12
13,9,15
13,10,0
13,11,25
13,12,0
13,13,23
13,14,0
13,15,21
13,16,3
13,17,1
13,18,0
13,19,0
13,20,0
13,21,0
13,22,18
13,23,19
13,24,0
14,0,0
14,1,0
14,2,0
14,3,0
14,4,0
14,5,11
14,6,7
14,7,2
14,8,0
14,9,13
14,10,0
14,11,20
14,12,0
14,13,0
14,14,0
14,15,6
14,16,0
14,17,25
14,18,18
14,19,14
14,20,1
14,21,0
14,22,24
14,23,23
14,24,0
15,0,0
15,1,3
15,2,12
15,3,0
15,4,0
15,5,21
15,6,0
15,7,8
15,8,13
15,9,0
15,10,0
15,11,0
15,12,0
15,13,0
15,14,9
15,15,14
15,16,20
15,17,0
15,18,25
15,19,6
15,20,0
15,21,0
15,22,4
15,23,5
15,24,17
16,0,17
16,1,14
16,2,6
16,3,10
16,4,0
16,5,0
16,6,15
16,7,0
16,8,16
16,9,0
16,10,0
16,11,2
16,12,25
16,13,5
16,14,0
16,15,9
16,16,0
16,17,8
16,18,0
16,19,23
16,20,0
16,21,11
16,22,7
16,23,0
16,24,0
17,0,2
17,1,0
17,2,0
17,3,0
17,4,13
17,5,19
17,6,25
17,7,18
17,8,0
17,9,10
17,10,0
17,11,0
17,12,0
17,13,0
17,14,7
17,15,3
17,16,0
17,17,0
17,18,0
17,19,0
17,20,0
17,21,22
17,22,0
17,23,15
17,24,1
18,0,0
18,1,0
18,2,0
18,3,0
18,4,0
18,5,2
18,6,14
18,7,0
18,8,7
18,9,20
18,10,3
18,11,0
18,12,0
18,13,6
18,14,10
18,15,17
18,16,5
18,17,0
18,18,22
18,19,0
18,20,19
18,21,9
18,22,25
18,23,0
18,24,0
19,0,0
19,1,7
19,2,0
19,3,0
19,4,23
19,5,6
19,6,0
19,7,0
19,8,0
19,9,0
19,10,0
19,11,1
19,12,0
19,13,17
19,14,11
19,15,0
19,16,0
19,17,0
19,18,10
19,19,12
19,20,0
19,21,0
19,22,3
19,23,0
19,24,16
20,0,22
20,1,16
20,2,0
20,3,0
20,4,10
20,5,0
20,6,0
20,7,0
20,8,0
20,9,1
20,10,14
20,11,0
20,12,0
20,13,0
20,14,19
20,15,0
20,16,12
20,17,0
20,18,0
20,19,0
20,20,13
20,21,23
20,22,20
20,23,0
20,24,0
21,0,12
21,1,0
21,2,0
21,3,17
21,4,11
21,5,23
21,6,10
21,7,0
21,8,20
21,9,0
21,10,24
21,11,4
21,12,0
21,13,0
21,14,13
21,15,18
21,16,0
21,17,0
21,18,0
21,19,19
21,20,5
21,21,21
21,22,2
21,23,0
21,24,15
22,0,9
22,1,0
22,2,0
22,3,0
22,4,7
22,5,0
22,6,19
22,7,0
22,8,15
22,9,0
22,10,1
22,11,10
22,12,0
22,13,16
22,14,0
22,15,0
22,16,0
22,17,0
22,18,21
22,19,25
22,20,0
22,21,4
22,22,0
22,23,18
22,24,0
23,0,14
23,1,2
23,2,1
23,3,15
23,4,19
23,5,0
23,6,0
23,7,12
23,8,0
23,9,3
23,10,0
23,11,0
23,12,0
23,13,21
23,14,0
23,15,0
23,16,0
23,17,0
23,18,5
23,19,8
23,20,24
23,21,7
23,22,0
23,23,17
23,24,11
24,0,0
24,1,0
24,2,0
24,3,0
24,4,0
24,5,7
24,6,0
24,7,24
24,8,0
24,9,0
24,10,0
24,11,12
24,12,0
24,13,2
24,14,0
24,15,16
24,16,6
24,17,0
24,18,23
24,19,10
24,20,9
24,21,0
24,22,19
24,23,0
24,24,14
