0,0,0
0,1,20
0,2,19
0,3,0
0,4,0
0,5,0
0,6,14
0,7,0
0,8,3
0,9,0
0,10,0
0,11,25
0,12,0
0,13,2
0,14,0
0,15,11
0,16,0
0,17,1
0,18,0
0,19,0
0,20,9
0,21,0
0,22,15
0,23,0
0,24,0
1,0,24
1,1,2
1,2,11
1,3,17
1,4,0
1,5,0
1,6,0
1,7,0
1,8,0
1,9,23
1,10,0
1,11,0
1,12,0
1,13,1
1,14,14
1,15,0
1,16,12
1,17,16
1,18,21
1,19,0
1,20,0
1,21,0
1,22,0
1,23,6
1,24,0
2,0,10
2,1,9
2,2,1
2,3,0
2,4,5
2,5,11
2,6,13
2,7,0
2,8,19
2,9,0
2,10,0
2,11,16
2,12,15
2,13,0
2,14,0
2,15,0
2,16,0
2,17,3
2,18,6
2,19,14
2,20,0
2,21,4
2,22,25
2,23,12
2,24,20
3,0,23
3,1,13
3,2,25
3,3,16
3,4,14
3,5,10
3,6,0
3,7,20
3,8,2
3,9,15
3,10,0
3,11,0
3,12,8
3,13,0
3,14,9
3,15,0
3,16,0
3,17,0
3,18,0
3,19,0
3,20,5
3,21,0
3,22,17
3,23,0
3,24,22
4,0,12
4,1,0
4,2,0
4,3,15
4,4,18
4,5,5
4,6,0
4,7,17
4,8,6
4,9,7
4,10,21
4,11,0
4,12,13
4,13,0
4,14,19
4,15,22
4,16,25
4,17,0
4,18,0
4,19,0
4,20,0
4,21,0
4,22,0
4,23,11
4,24,0
5,0,11
5,1,0
5,2,0
5,3,0
5,4,19
5,5,3
5,6,9
5,7,7
5,8,12
5,9,0
5,10,0
5,11,0
5,12,6
5,13,0
5,14,0
5,15,18
5,16,0
5,17,0
5,18,0
5,19,0
5,20,20
5,21,13
5,22,4
5,23,0
5,24,2
6,0,0
6,1,4
6,2,6
6,3,0
6,4,3
6,5,13
6,6,0
6,7,15
6,8,23
6,9,0
6,10,7
6,11,0
6,12,0
6,13,21
6,14,0
6,15,0
6,16,14
6,17,17
6,18,0
6,19,0
6,20,22
6,21,0
6,22,5
6,23,0
6,24,16
7,0,0
7,1,14
7,2,0
7,3,0
7,4,0
7,5,0
7,6,0
7,7,5
7,8,0
7,9,0
7,10,0
7,11,0
7,12,0
7,13,0
7,14,0
7,15,0
7,16,1
7,17,8
7,18,0
7,19,0
7,20,0
7,21,15
7,22,11
7,23,0
7,24,0
8,0,0
8,1,7
8,2,13
8,3,10
8,4,0
8,5,14
8,6,25
8,7,0
8,8,17
8,9,16
8,10,2
8,11,15
8,12,0
8,13,11
8,14,1
8,15,20
8,16,6
8,17,0
8,18,0
8,19,12
8,20,18
8,21,0
8,22,0
8,23,0
8,24,3
9,0,0
9,1,0
9,2,5
9,3,25
9,4,0
9,5,0
9,6,20
9,7,1
9,8,0
9,9,0
9,10,0
9,11,10
9,12,0
9,13,0
9,14,4
9,15,0
9,16,0
9,17,0
9,18,0
9,19,0
9,20,8
9,21,0
9,22,0
9,23,17
9,24,21
10,0,0
10,1,0
10,2,24
10,3,19
10,4,12
10,5,16
10,6,8
10,7,11
10,8,0
10,9,0
10,10,20
10,11,0
10,12,22
10,13,3
10,14,0
10,15,0
10,16,0
10,17,0
10,18,15
10,19,0
10,20,17
10,21,0
10,22,0
10,23,18
10,24,13
11,0,21
11,1,0
11,2,9
11,3,13
11,4,0
11,5,22
11,6,17
11,7,0
11,8,0
11,9,5
11,10,4
11,11,14
11,12,25
11,13,15
11,14,24
11,15,0
11,16,16
11,17,0
11,18,0
11,19,18
11,20,0
11,21,0
11,22,0
11,23,19
11,24,11
12,0,3
12,1,1
12,2,14
12,3,11
12,4,0
12,5,2
12,6,12
12,7,0
12,8,0
12,9,0
12,10,0
12,11,0
12,12,0
12,13,0
12,14,0
12,15,0
12,16,0
12,17,0
12,18,8
12,19,6
12,20,0
12,21,7
12,22,20
12,23,9
12,24,5
13,0,6
13,1,5
13,2,0
13,3,0
13,4,0
13,5,23
13,6,0
13,7,0
13,8,21
13,9,0
13,10,1
13,11,2
13,12,9
13,13,7
13,14,11
13,15,13
13,16,0
13,17,0
13,18,14
13,19,19
13,20,0
13,21,22
13,22,10
13,23,0
13,24,4
14,0,20
14,1,18
14,2,0
14,3,0
14,4,4
14,5,0
14,6,10
14,7,0
14,8,0
14,9,0
14,10,0
14,11,19
14,12,12
14,13,0
14,14,13
14,15,0
14,16,0
14,17,11
14,18,9
14,19,17
14,20,21
14,21,2
14,22,23
14,23,0
14,24,0
15,0,9
15,1,12
15,2,0
15,3,0
15,4,25
15,5,0
15,6,0
15,7,0
15,8,0
15,9,0
15,10,17
15,11,0
15,12,0
15,13,10
15,14,0
15,15,0
15,16,0
15,17,13
15,18,18
15,19,0
15,20,0
15,21,1
15,22,8
15,23,0
15,24,0
16,0,5
16,1,0
16,2,0
16,3,0
16,4,1
16,5,24
16,6,0
16,7,0
16,8,16
16,9,25
16,10,8
16,11,23
16,12,0
16,13,13
16,14,15
16,15,19
16,16,4
16,17,0
16,18,3
16,19,2
16,20,0
16,21,17
16,22,9
16,23,22
16,24,0
17,0,0
17,1,0
17,2,15
17,3,2
17,4,0
17,5,0
17,6,0
17,7,10
17,8,9
17,9,0
17,10,0
17,11,0
17,12,0
17,13,0
17,14,0
17,15,0
17,16,0
17,17,20
17,18,0
17,19,0
17,20,0
17,21,0
17,22,0
17,23,7
17,24,0
18,0,19
18,1,0
18,2,7
18,3,0
18,4,8
18,5,0
18,6,0
18,7,18
18,8,11
18,9,0
18,10,0
18,11,1
18,12,0
18,13,0
18,14,2
18,15,0
18,16,5
18,17,25
18,18,0
18,19,15
18,20,16
18,21,0
18,22,14
18,23,20
18,24,0
19,0,13
19,1,0
19,2,23
19,3,6
19,4,16
19,5,0
19,6,0
19,7,0
19,8,0
19,9,1
19,10,0
19,11,0
19,12,24
19,13,0
19,14,0
19,15,0
19,16,21
19,17,9
19,18,12
19,19,7
19,20,11
19,21,0
19,22,0
19,23,0
19,24,18
20,0,0
20,1,19
20,2,0
20,3,0
20,4,0
20,5,0
20,6,0
20,7,0
20,8,10
20,9,18
20,10,6
20,11,0
20,12,4
20,13,0
20,14,20
20,15,12
20,16,8
20,17,15
20,18,0
20,19,25
20,20,3
20,21,23
20,22,0
20,23,0
20,24,9
21,0,25
21,1,0
21,2,18
21,3,0
21,4,7
21,5,0
21,6,0
21,7,0
21,8,0
21,9,0
21,10,11
21,11,0
21,12,3
21,13,0
21,14,0
21,15,5
21,16,13
21,17,2
21,18,0
21,19,20
21,20,12
21,21,24
21,22,19
21,23,15
21,24,17
22,0,14
22,1,6
22,2,2
22,3,9
22,4,0
22,5,8
22,6,21
22,7,16
22,8,0
22,9,0
22,10,0
22,11,0
22,12,23
22,13,5
22,14,0
22,15,0
22,16,3
22,17,0
22,18,11
22,19,1
22,20,4
22,21,0
22,22,22
22,23,25
22,24,10
23,0,0
23,1,15
23,2,0
23,3,0
23,4,0
23,5,0
23,6,3
23,7,19
23,8,13
23,9,0
23,10,16
23,11,24
23,12,0
23,13,0
23,14,0
23,15,6
23,16,0
23,17,0
23,18,0
23,19,0
23,20,0
23,21,11
23,22,18
23,23,5
23,24,14
24,0,0
24,1,0
24,2,3
24,3,0
24,4,11
24,5,0
24,6,0
24,7,9
24,8,0
24,9,20
24,10,0
24,11,7
24,12,0
24,13,22
24,14,0
24,15,0
24,16,18
24,17,0
24,18,4
24,19,0
24,20,0
24,21,0
24,22,6
24,23,13
24,24,0
