0,0,16
0,1,5
0,2,0
0,3,10
0,4,6
0,5,2
0,6,0
0,7,0
0,8,19
0,9,0
0,10,0
0,11,12
0,12,0
0,13,0
0,14,17
0,15,0
0,16,0
0,17,4
0,18,0
0,19,9
0,20,0
0,21,0
0,22,0
0,23,11
0,24,20
1,0,0
1,1,20
1,2,22
1,3,0
1,4,18
1,5,0
1,6,13
1,7,0
1,8,12
1,9,0
1,10,0
1,11,4
1,12,2
1,13,0
1,14,25
1,15,0
1,16,5
1,17,11
1,18,0
1,19,0
1,20,0
1,21,1
1,22,0
1,23,0
1,24,0
2,0,0
2,1,25
2,2,12
2,3,11
2,4,0
2,5,17
2,6,5
2,7,10
2,8,0
2,9,0
2,10,0
2,11,7
2,12,0
2,13,19
2,14,0
2,15,1
2,16,8
2,17,0
2,18,0
2,19,16
2,20,15
2,21,23
2,22,0
2,23,0
2,24,6
3,0,15
3,1,0
3,2,0
3,3,21
3,4,13
3,5,14
3,6,4
3,7,8
3,8,25
3,9,23
3,10,16
3,11,10
3,12,5
3,13,0
3,14,22
3,15,0
3,16,0
3,17,6
3,18,0
3,19,0
3,20,0
3,21,0
3,22,3
3,23,0
3,24,0
4,0,17
4,1,4
4,2,0
4,3,23
4,4,0
4,5,6
4,6,18
4,7,0
4,8,0
4,9,0
4,10,0
4,11,0
4,12,3
4,13,24
4,14,0
4,15,15
4,16,0
4,17,22
4,18,7
4,19,2
4,20,5
4,21,0
4,22,0
4,23,21
4,24,13
5,0,2
5,1,6
5,2,14
5,3,5
5,4,12
5,5,0
5,6,0
5,7,24
5,8,0
5,9,0
5,10,15
5,11,11
5,12,0
5,13,0
5,14,7
5,15,0
5,16,23
5,17,0
5,18,0
5,19,0
5,20,0
5,21,13
5,22,19
5,23,0
5,24,10
6,0,0
6,1,0
6,2,0
6,3,0
6,4,0
6,5,0
6,6,17
6,7,0
6,8,0
6,9,11
6,10,0
6,11,9
6,12,16
6,13,21
6,14,4
6,15,24
6,16,0
6,17,0
6,18,0
6,19,8
6,20,0
6,21,5
6,22,0
6,23,0
6,24,0
7,0,0
7,1,3
7,2,1
7,3,0
7,4,21
7,5,0
7,6,0
7,7,22
7,8,0
7,9,14
7,10,0
7,11,0
7,12,17
7,13,10
7,14,0
7,15,19
7,16,0
7,17,9
7,18,0
7,19,18
7,20,0
7,21,0
7,22,0
7,23,0
7,24,0
8,0,0
8,1,23
8,2,0
8,3,9
8,4,0
8,5,20
8,6,19
8,7,15
8,8,0
8,9,0
8,10,3
8,11,0
8,12,0
8,13,0
8,14,6
8,15,16
8,16,0
8,17,12
8,18,11
8,19,0
8,20,21
8,21,0
8,22,7
8,23,1
8,24,0
9,0,11
9,1,18
9,2,0
9,3,0
9,4,0
9,5,0
9,6,2
9,7,3
9,8,6
9,9,4
9,10,0
9,11,0
9,12,0
9,13,0
9,14,0
9,15,0
9,16,0
9,17,7
9,18,1
9,19,0
9,20,0
9,21,0
9,22,0
9,23,23
9,24,0
10,0,0
10,1,2
10,2,6
10,3,0
10,4,0
10,5,8
10,6,0
10,7,13
10,8,0
10,9,12
10,10,0
10,11,17
10,12,23
10,13,4
10,14,15
10,15,25
10,16,21
10,17,0
10,18,0
10,19,22
10,20,3
10,21,0
10,22,0
10,23,0
10,24,0
11,0,0
11,1,8
11,2,0
11,3,0
11,4,5
11,5,0
11,6,7
11,7,4
11,8,0
11,9,9
11,10,0
11,11,0
11,12,24
11,13,0
11,14,0
11,15,0
11,16,16
11,17,0
11,18,0
11,19,0
11,20,13
11,21,22
11,22,2
11,23,0
11,24,1
12,0,1
12,1,0
12,2,0
12,3,3
12,4,4
12,5,0
12,6,25
12,7,0
12,8,15
12,9,0
12,10,0
12,11,13
12,12,10
12,13,18
12,14,0
12,15,0
12,16,12
12,17,0
12,18,17
12,19,0
12,20,24
12,21,19
12,22,0
12,23,0
12,24,21
13,0,14
13,1,0
13,2,17
13,3,12
13,4,9
13,5,0
13,6,0
13,7,0
13,8,1
13,9,0
13,10,0
13,11,0
13,12,22
13,13,0
13,14,0
13,15,7
13,16,0
13,17,13
13,18,4
13,19,0
13,20,23
13,21,0
13,22,0
13,23,25
13,24,0
14,0,0
14,1,0
14,2,0
14,3,0
14,4,15
14,5,16
14,6,0
14,7,0
14,8,17
14,9,6
14,10,7
14,11,2
14,12,25
14,13,9
14,14,0
14,15,5
14,16,0
14,17,3
14,18,0
14,19,1
14,20,0
14,21,0
14,22,18
14,23,10
14,24,0
15,0,0
15,1,10
15,2,0
15,3,0
15,4,0
15,5,0
15,6,3
15,7,5
15,8,0
15,9,0
15,10,0
15,11,0
15,12,0
15,13,0
15,14,0
15,15,13
15,16,9
15,17,15
15,18,8
15,19,0
15,20,0
15,21,0
15,22,0
15,23,6
15,24,14
16,0,0
16,1,21
16,2,25
16,3,0
16,4,8
16,5,0
16,6,15
16,7,14
16,8,0
16,9,13
16,10,9
16,11,0
16,12,0
16,13,0
16,14,23
16,15,0
16,16,0
16,17,5
16,18,16
16,19,7
16,20,0
16,21,2
16,22,0
16,23,18
16,24,0
17,0,0
17,1,0
17,2,0
17,3,0
17,4,0
17,5,7
17,6,0
17,7,25
17,8,0
17,9,8
17,10,0
17,11,22
17,12,13
17,13,0
17,14,0
17,15,17
17,16,0
17,17,24
17,18,0
17,19,0
17,20,1
17,21,0
17,22,23
17,23,12
17,24,0
18,0,0
18,1,0
18,2,0
18,3,14
18,4,0
18,5,10
18,6,0
18,7,0
18,8,0
18,9,19
18,10,18
18,11,20
18,12,21
18,13,17
18,14,0
18,15,12
18,16,0
18,17,0
18,18,6
18,19,0
18,20,0
18,21,0
18,22,0
18,23,0
18,24,0
19,0,6
19,1,0
19,2,13
19,3,2
19,4,0
19,5,0
19,6,0
19,7,0
19,8,22
19,9,0
19,10,8
19,11,0
19,12,0
19,13,15
19,14,14
19,15,0
19,16,0
19,17,23
19,18,0
19,19,0
19,20,10
19,21,21
19,22,5
19,23,24
19,24,11
20,0,23
20,1,17
20,2,0
20,3,0
20,4,24
20,5,5
20,6,16
20,7,12
20,8,0
20,9,7
20,10,0
20,11,3
20,12,14
20,13,0
20,14,0
20,15,0
20,16,0
20,17,0
20,18,15
20,19,4
20,20,0
20,21,10
20,22,0
20,23,19
20,24,8
21,0,0
21,1,0
21,2,9
21,3,0
21,4,0
21,5,0
21,6,0
21,7,19
21,8,0
21,9,0
21,10,4
21,11,0
21,12,6
21,13,8
21,14,10
21,15,23
21,16,24
21,17,25
21,18,12
21,19,5
21,20,2
21,21,20
21,22,0
21,23,0
21,24,18
22,0,10
22,1,0
22,2,0
22,3,4
22,4,19
22,5,18
22,6,0
22,7,0
22,8,13
22,9,25
22,10,0
22,11,5
22,12,0
22,13,1
22,14,0
22,15,0
22,16,0
22,17,16
22,18,20
22,19,21
22,20,0
22,21,14
22,22,15
22,23,3
22,24,0
23,0,0
23,1,0
23,2,0
23,3,25
23,4,0
23,5,0
23,6,0
23,7,1
23,8,8
23,9,0
23,10,23
23,11,0
23,12,7
23,13,16
23,14,0
23,15,0
23,16,18
23,17,0
23,18,13
23,19,0
23,20,12
23,21,0
23,22,21
23,23,5
23,24,0
24,0,20
24,1,14
24,2,0
24,3,0
24,4,0
24,5,24
24,6,0
24,7,6
24,8,0
24,9,0
24,10,25
24,11,0
24,12,0
24,13,13
24,14,0
24,15,0
24,16,22
24,17,0
24,18,0
24,19,10
24,20,17
24,21,4
24,22,0
24,23,16
24,24,7
