0,0,0
0,1,7
0,2,0
0,3,0
0,4,3
0,5,5
0,6,0
0,7,22
0,8,2
0,9,0
0,10,0
0,11,6
0,12,16
0,13,0
0,14,0
0,15,10
0,16,0
0,17,0
0,18,8
0,19,13
0,20,19
0,21,14
0,22,9
0,23,20
0,24,0
1,0,16
1,1,0
1,2,25
1,3,0
1,4,9
1,5,0
1,6,1
1,7,0
1,8,18
1,9,10
1,10,3
1,11,13
1,12,8
1,13,0
1,14,24
1,15,0
1,16,0
1,17,0
1,18,19
1,19,0
1,20,12
1,21,0
1,22,0
1,23,21
1,24,15
2,0,8
2,1,0
2,2,19
2,3,0
2,4,0
2,5,13
2,6,0
2,7,16
2,8,7
2,9,24
2,10,5
2,11,1
2,12,0
2,13,0
2,14,9
2,15,17
2,16,21
2,17,0
2,18,23
2,19,12
2,20,6
2,21,0
2,22,0
2,23,0
2,24,0
3,0,20
3,1,13
3,2,10
3,3,2
3,4,0
3,5,0
3,6,0
3,7,4
3,8,6
3,9,21
3,10,0
3,11,14
3,12,12
3,13,18
3,14,0
3,15,3
3,16,0
3,17,9
3,18,11
3,19,0
3,20,22
3,21,0
3,22,24
3,23,0
3,24,0
4,0,18
4,1,24
4,2,0
4,3,21
4,4,0
4,5,12
4,6,0
4,7,14
4,8,20
4,9,0
4,10,0
4,11,0
4,12,0
4,13,19
4,14,0
4,15,6
4,16,0
4,17,15
4,18,0
4,19,0
4,20,16
4,21,0
4,22,0
4,23,0
4,24,0
5,0,4
5,1,9
5,2,0
5,3,6
5,4,12
5,5,0
5,6,21
5,7,2
5,8,0
5,9,0
5,10,0
5,11,20
5,12,0
5,13,0
5,14,22
5,15,0
5,16,0
5,17,0
5,18,0
5,19,23
5,20,10
5,21,0
5,22,7
5,23,25
5,24,18
6,0,7
6,1,25
6,2,0
6,3,11
6,4,0
6,5,1
6,6,13
6,7,0
6,8,3
6,9,16
6,10,0
6,11,10
6,12,5
6,13,0
6,14,15
6,15,0
6,16,0
6,17,0
6,18,0
6,19,18
6,20,21
6,21,6
6,22,17
6,23,0
6,24,20
7,0,0
7,1,23
7,2,0
7,3,0
7,4,24
7,5,0
7,6,0
7,7,18
7,8,17
7,9,0
7,10,16
7,11,8
7,12,0
7,13,4
7,14,3
7,15,21
7,16,25
7,17,10
7,18,6
7,19,22
7,20,14
7,21,0
7,22,5
7,23,11
7,24,0
8,0,17
8,1,0
8,2,0
8,3,0
8,4,0
8,5,0
8,6,0
8,7,9
8,8,5
8,9,0
8,10,21
8,11,2
8,12,0
8,13,0
8,14,18
8,15,0
8,16,0
8,17,0
8,18,0
8,19,0
8,20,0
8,21,22
8,22,4
8,23,0
8,24,0
9,0,5
9,1,0
9,2,14
9,3,0
9,4,0
9,5,24
9,6,0
9,7,0
9,8,10
9,9,0
9,10,12
9,11,7
9,12,0
9,13,0
9,14,0
9,15,0
9,16,3
9,17,0
9,18,0
9,19,0
9,20,15
9,21,0
9,22,8
9,23,23
9,24,2
10,0,0
10,1,0
10,2,5
10,3,0
10,4,0
10,5,0
10,6,14
10,7,17
10,8,21
10,9,19
10,10,0
10,11,0
10,12,22
10,13,0
10,14,23
10,15,16
10,16,2
10,17,25
10,18,7
10,19,15
10,20,0
10,21,0
10,22,0
10,23,0
10,24,0
11,0,2
11,1,3
11,2,0
11,3,7
11,4,0
11,5,0
11,6,0
11,7,0
11,8,13
11,9,0
11,10,24
11,11,21
11,12,14
11,13,0
11,14,0
11,15,0
11,16,0
11,17,4
11,18,1
11,19,0
11,20,0
11,21,0
11,22,0
11,23,5
11,24,0
12,0,0
12,1,0
12,2,0
12,3,0
12,4,13
12,5,7
12,6,0
12,7,20
12,8,0
12,9,4
12,10,9
12,11,18
12,12,0
12,13,10
12,14,5
12,15,11
12,16,0
12,17,17
12,18,0
12,19,6
12,20,3
12,21,0
12,22,0
12,23,0
12,24,0
13,0,0
13,1,20
13,2,0
13,3,0
13,4,0
13,5,0
13,6,2
13,7,5
13,8,0
13,9,0
13,10,0
13,11,0
13,12,15
13,13,7
13,14,13
13,15,0
13,16,10
13,17,0
13,18,0
13,19,0
13,20,0
13,21,12
13,22,0
13,23,6
13,24,22
14,0,0
14,1,0
14,2,0
14,3,0
14,4,0
14,5,22
14,6,12
14,7,3
14,8,15
14,9,9
14,10,4
14,11,0
14,12,19
14,13,0
14,14,0
14,15,24
14,16,5
14,17,13
14,18,20
14,19,0
14,20,0
14,21,0
14,22,10
14,23,0
14,24,0
15,0,13
15,1,12
15,2,24
15,3,0
15,4,1
15,5,0
15,6,0
15,7,0
15,8,25
15,9,0
15,10,0
15,11,0
15,12,0
15,13,11
15,14,16
15,15,0
15,16,23
15,17,0
15,18,0
15,19,5
15,20,0
15,21,0
15,22,19
15,23,0
15,24,21
16,0,0
16,1,0
16,2,21
16,3,25
16,4,0
16,5,0
16,6,0
16,7,0
16,8,0
16,9,0
16,10,14
16,11,0
16,12,0
16,13,17
16,14,12
16,15,0
16,16,18
16,17,1
16,18,0
16,19,0
16,20,0
16,21,0
16,22,0
16,23,0
16,24,6
17,0,0
17,1,2
17,2,6
17,3,0
17,4,15
17,5,21
17,6,10
17,7,11
17,8,12
17,9,13
17,10,1
17,11,24
17,12,0
17,13,20
17,14,19
17,15,0
17,16,22
17,17,7
17,18,0
17,19,0
17,20,5
17,21,0
17,22,0
17,23,17
17,24,0
18,0,14
18,1,0
18,2,18
18,3,19
18,4,20
18,5,2
18,6,0
18,7,0
18,8,0
18,9,0
18,10,23
18,11,0
18,12,7
18,13,25
18,14,0
18,15,8
18,16,11
18,17,0
18,18,21
18,19,24
18,20,0
18,21,10
18,22,0
18,23,15
18,24,16
19,0,22
19,1,17
19,2,23
19,3,0
19,4,16
19,5,14
19,6,0
19,7,0
19,8,0
19,9,0
19,10,8
19,11,0
19,12,0
19,13,15
19,14,0
19,15,0
19,16,0
19,17,20
19,18,2
19,19,0
19,20,25
19,21,18
19,22,0
19,23,3
19,24,11
20,0,0
20,1,0
20,2,0
20,3,0
20,4,11
20,5,0
20,6,0
20,7,7
20,8,0
20,9,17
20,10,0
20,11,19
20,12,0
20,13,0
20,14,0
20,15,0
20,16,16
20,17,23
20,18,0
20,19,21
20,20,0
20,21,15
20,22,0
20,23,12
20,24,13
21,0,0
21,1,0
21,2,15
21,3,0
21,4,2
21,5,0
21,6,5
21,7,6
21,8,0
21,9,12
21,10,0
21,11,17
21,12,23
21,13,9
21,14,0
21,15,7
21,16,13
21,17,24
21,18,0
21,19,0
21,20,0
21,21,8
21,22,22
21,23,4
21,24,25
22,0,0
22,1,0
22,2,0
22,3,0
22,4,17
22,5,9
22,6,18
22,7,0
22,8,4
22,9,20
22,10,22
22,11,0
22,12,0
22,13,16
22,14,8
22,15,19
22,16,6
22,17,11
22,18,0
22,19,10
22,20,0
22,21,0
22,22,14
22,23,0
22,24,5
23,0,21
23,1,5
23,2,0
23,3,0
23,4,6
23,5,0
23,6,23
23,7,0
23,8,0
23,9,0
23,10,25
23,11,0
23,12,4
23,13,13
23,14,14
23,15,18
23,16,8
23,17,0
23,18,22
23,19,0
23,20,17
23,21,0
23,22,11
23,23,0
23,24,10
24,0,0
24,1,22
24,2,16
24,3,8
24,4,23
24,5,10
24,6,19
24,7,0
24,8,0
24,9,11
24,10,0
24,11,0
24,12,24
24,13,6
24,14,0
24,15,0
24,16,17
24,17,5
24,18,0
24,19,4
24,20,18
24,21,0
24,22,0
24,23,1
24,24,0
