0,0,0
0,1,9
0,2,0
0,3,0
0,4,0
0,5,10
0,6,25
0,7,3
0,8,0
0,9,22
0,10,23
0,11,0
0,12,0
0,13,13
0,14,0
0,15,0
0,16,18
0,17,0
0,18,12
0,19,0
0,20,2
0,21,0
0,22,24
0,23,0
0,24,20
1,0,4
1,1,0
1,2,0
1,3,3
1,4,18
1,5,7
1,6,0
1,7,20
1,8,0
1,9,13
1,10,0
1,11,0
1,12,21
1,13,6
1,14,0
1,15,8
1,16,17
1,17,0
1,18,0
1,19,0
1,20,0
1,21,11
1,22,0
1,23,23
1,24,0
2,0,6
2,1,24
2,2,0
2,3,0
2,4,17
2,5,0
2,6,0
2,7,21
2,8,1
2,9,0
2,10,20
2,11,12
2,12,19
2,13,9
2,14,0
2,15,0
2,16,0
2,17,7
2,18,0
2,19,0
2,20,15
2,21,16
2,22,13
2,23,25
2,24,4
3,0,0
3,1,1
3,2,20
3,3,13
3,4,0
3,5,12
3,6,0
3,7,0
3,8,0
3,9,11
3,10,0
3,11,2
3,12,0
3,13,22
3,14,4
3,15,14
3,16,0
3,17,24
3,18,0
3,19,3
3,20,18
3,21,8
3,22,19
3,23,7
3,24,0
4,0,0
4,1,0
4,2,14
4,3,0
4,4,23
4,5,0
4,6,16
4,7,0
4,8,5
4,9,15
4,10,0
4,11,0
4,12,0
4,13,18
4,14,0
4,15,0
4,16,0
4,17,20
4,18,0
4,19,10
4,20,9
4,21,17
4,22,0
4,23,3
4,24,21
5,0,0
5,1,0
5,2,0
5,3,19
5,4,0
5,5,17
5,6,0
5,7,4
5,8,24
5,9,16
5,10,0
5,11,9
5,12,0
5,13,15
5,14,5
5,15,10
5,16,14
5,17,22
5,18,1
5,19,0
5,20,0
5,21,2
5,22,0
5,23,0
5,24,0
6,0,3
6,1,20
6,2,0
6,3,0
6,4,0
6,5,2
6,6,5
6,7,0
6,8,0
6,9,0
6,10,0
6,11,0
6,12,25
6,13,0
6,14,6
6,15,7
6,16,0
6,17,0
6,18,0
6,19,24
6,20,13
6,21,10
6,22,0
6,23,0
6,24,0
7,0,0
7,1,11
7,2,23
7,3,2
7,4,8
7,5,0
7,6,0
7,7,13
7,8,3
7,9,0
7,10,12
7,11,0
7,12,0
7,13,0
7,14,17
7,15,0
7,16,25
7,17,16
7,18,19
7,19,0
7,20,0
7,21,5
7,22,18
7,23,15
7,24,14
8,0,10
8,1,0
8,2,22
8,3,0
8,4,0
8,5,0
8,6,0
8,7,0
8,8,7
8,9,1
8,10,21
8,11,23
8,12,0
8,13,3
8,14,2
8,15,5
8,16,0
8,17,0
8,18,9
8,19,0
8,20,0
8,21,20
8,22,0
8,23,0
8,24,0
9,0,0
9,1,0
9,2,5
9,3,0
9,4,0
9,5,0
9,6,0
9,7,0
9,8,11
9,9,8
9,10,18
9,11,22
9,12,0
9,13,19
9,14,24
9,15,0
9,16,0
9,17,0
9,18,0
9,19,20
9,20,0
9,21,0
9,22,0
9,23,12
9,24,0
10,0,0
10,1,0
10,2,0
10,3,4
10,4,0
10,5,16
10,6,0
10,7,0
10,8,8
10,9,17
10,10,0
10,11,0
10,12,0
10,13,0
10,14,1
10,15,0
10,16,0
10,17,12
10,18,7
10,19,0
10,20,0
10,21,3
10,22,5
10,23,0
10,24,13
11,0,22
11,1,0
11,2,25
11,3,0
11,4,0
11,5,0
11,6,7
11,7,0
11,8,13
11,9,0
11,10,19
11,11,5
11,12,0
11,13,23
11,14,0
11,15,17
11,16,4
11,17,10
11,18,0
11,19,1
11,20,0
11,21,0
11,22,0
11,23,6
11,24,0
12,0,0
12,1,7
12,2,1
12,3,0
12,4,5
12,5,0
12,6,18
12,7,22
12,8,12
12,9,0
12,10,0
12,11,24
12,12,9
12,13,10
12,14,0
12,15,0
12,16,13
12,17,14
12,18,8
12,19,0
12,20,11
12,21,0
12,22,20
12,23,17
12,24,0
13,0,0
13,1,2
13,2,0
13,3,0
13,4,0
13,5,1
13,6,0
13,7,25
13,8,19
13,9,5
13,10,0
13,11,21
13,12,0
13,13,7
13,14,20
13,15,0
13,16,3
13,17,0
13,18,22
13,19,0
13,20,0
13,21,0
13,22,14
13,23,0
13,24,18
14,0,11
14,1,0
14,2,19
14,3,18
14,4,0
14,5,0
14,6,4
14,7,10
14,8,0
14,9,0
14,10,15
14,11,0
14,12,0
14,13,0
14,14,0
14,15,16
14,16,23
14,17,0
14,18,0
14,19,21
14,20,0
14,21,1
14,22,0
14,23,0
14,24,0
15,0,0
15,1,10
15,2,0
15,3,0
15,4,0
15,5,19
15,6,0
15,7,0
15,8,0
15,9,0
15,10,3
15,11,16
15,12,0
15,13,5
15,14,13
15,15,18
15,16,8
15,17,0
15,18,0
15,19,0
15,20,0
15,21,0
15,22,23
15,23,0
15,24,0
16,0,0
16,1,0
16,2,0
16,3,16
16,4,0
16,5,0
16,6,15
16,7,0
16,8,0
16,9,14
16,10,22
16,11,1
16,12,0
16,13,21
16,14,23
16,15,9
16,16,19
16,17,0
16,18,0
16,19,0
16,20,0
16,21,0
16,22,3
16,23,0
16,24,7
17,0,25
17,1,8
17,2,11
17,3,5
17,4,0
17,5,0
17,6,3
17,7,9
17,8,21
17,9,0
17,10,10
17,11,0
17,12,0
17,13,0
17,14,19
17,15,0
17,16,22
17,17,1
17,18,0
17,19,0
17,20,12
17,21,24
17,22,2
17,23,16
17,24,0
18,0,0
18,1,0
18,2,0
18,3,21
18,4,1
18,5,4
18,6,0
18,7,0
18,8,0
18,9,23
18,10,14
18,11,0
18,12,17
18,13,0
18,14,0
18,15,0
18,16,0
18,17,0
18,18,2
18,19,25
18,20,0
18,21,0
18,22,0
18,23,10
18,24,6
19,0,0
19,1,0
19,2,0
19,3,22
19,4,0
19,5,0
19,6,1
19,7,2
19,8,10
19,9,20
19,10,7
19,11,8
19,12,0
19,13,12
19,14,0
19,15,13
19,16,15
19,17,21
19,18,0
19,19,5
19,20,0
19,21,9
19,22,0
19,23,0
19,24,0
20,0,16
20,1,13
20,2,0
20,3,10
20,4,7
20,5,9
20,6,0
20,7,5
20,8,0
20,9,0
20,10,0
20,11,3
20,12,0
20,13,0
20,14,0
20,15,21
20,16,12
20,17,0
20,18,4
20,19,0
20,20,22
20,21,0
20,22,25
20,23,0
20,24,0
21,0,0
21,1,4
21,2,3
21,3,23
21,4,22
21,5,11
21,6,0
21,7,8
21,8,0
21,9,10
21,10,16
21,11,19
21,12,0
21,13,14
21,14,0
21,15,2
21,16,0
21,17,0
21,18,0
21,19,6
21,20,0
21,21,18
21,22,9
21,23,1
21,24,0
22,0,1
22,1,15
22,2,6
22,3,11
22,4,25
22,5,0
22,6,0
22,7,14
22,8,0
22,9,0
22,10,0
22,11,7
22,12,8
22,13,20
22,14,10
22,15,0
22,16,16
22,17,19
22,18,0
22,19,0
22,20,17
22,21,0
22,22,0
22,23,5
22,24,12
23,0,0
23,1,5
23,2,0
23,3,14
23,4,0
23,5,0
23,6,0
23,7,0
23,8,17
23,9,4
23,10,0
23,11,25
23,12,22
23,13,0
23,14,0
23,15,15
23,16,0
23,17,11
23,18,0
23,19,13
23,20,6
23,21,7
23,22,0
23,23,0
23,24,3
24,0,12
24,1,0
24,2,8
24,3,0
24,4,24
24,5,0
24,6,19
24,7,0
24,8,16
24,9,0
24,10,0
24,11,4
24,12,0
24,13,0
24,14,15
24,15,22
24,16,0
24,17,5
24,18,23
24,19,17
24,20,0
24,21,0
24,22,0
24,23,13
24,24,0
