0,0,0
0,1,7
0,2,0
0,3,0
0,4,0
0,5,0
0,6,6
0,7,17
0,8,0
0,9,0
0,10,0
0,11,12
0,12,0
0,13,0
0,14,0
0,15,0
0,16,0
0,17,9
0,18,13
0,19,25
0,20,21
0,21,16
0,22,0
0,23,20
0,24,22
1,0,17
1,1,0
1,2,22
1,3,5
1,4,11
1,5,0
1,6,0
1,7,0
1,8,25
1,9,0
1,10,4
1,11,9
1,12,0
1,13,0
1,14,18
1,15,3
1,16,0
1,17,7
1,18,0
1,19,15
1,20,23
1,21,24
1,22,1
1,23,10
1,24,14
2,0,0
2,1,0
2,2,0
2,3,0
2,4,0
2,5,7
2,6,0
2,7,0
2,8,9
2,9,13
2,10,0
2,11,0
2,12,0
2,13,14
2,14,0
2,15,0
2,16,0
2,17,5
2,18,20
2,19,0
2,20,15
2,21,0
2,22,12
2,23,19
2,24,0
3,0,14
3,1,3
3,2,25
3,3,0
3,4,0
3,5,16
3,6,0
3,7,21
3,8,0
3,9,5
3,10,0
3,11,15
3,12,0
3,13,23
3,14,0
3,15,11
3,16,0
3,17,24
3,18,0
3,19,8
3,20,6
3,21,0
3,22,0
3,23,18
3,24,0
4,0,0
4,1,0
4,2,0
4,3,0
4,4,0
4,5,4
4,6,18
4,7,22
4,8,19
4,9,23
4,10,16
4,11,0
4,12,0
4,13,24
4,14,0
4,15,0
4,16,0
4,17,0
4,18,0
4,19,1
4,20,0
4,21,0
4,22,0
4,23,8
4,24,9
5,0,0
5,1,0
5,2,15
5,3,0
5,4,0
5,5,17
5,6,0
5,7,0
5,8,10
5,9,8
5,10,0
5,11,18
5,12,24
5,13,2
5,14,20
5,15,25
5,16,0
5,17,14
5,18,4
5,19,0
5,20,11
5,21,0
5,22,23
5,23,0
5,24,0
6,0,6
6,1,5
6,2,0
6,3,18
6,4,0
6,5,0
6,6,0
6,7,2
6,8,23
6,9,19
6,10,0
6,11,0
6,12,13
6,13,0
6,14,7
6,15,1
6,16,9
6,17,0
6,18,17
6,19,0
6,20,16
6,21,0
6,22,0
6,23,0
6,24,0
7,0,0
7,1,17
7,2,0
7,3,19
7,4,0
7,5,0
7,6,0
7,7,3
7,8,0
7,9,6
7,10,0
7,11,0
7,12,0
7,13,10
7,14,23
7,15,0
7,16,18
7,17,11
7,18,24
7,19,0
7,20,2
7,21,0
7,22,0
7,23,0
7,24,21
8,0,1
8,1,0
8,2,0
8,3,0
8,4,0
8,5,24
8,6,0
8,7,0
8,8,5
8,9,0
8,10,0
8,11,22
8,12,19
8,13,0
8,14,25
8,15,2
8,16,0
8,17,13
8,18,0
8,19,12
8,20,17
8,21,0
8,22,0
8,23,14
8,24,0
9,0,0
9,1,13
9,2,0
9,3,24
9,4,10
9,5,0
9,6,12
9,7,0
9,8,16
9,9,25
9,10,9
9,11,17
9,12,14
9,13,0
9,14,0
9,15,0
9,16,0
9,17,0
9,18,15
9,19,0
9,20,3
9,21,8
9,22,6
9,23,0
9,24,0
10,0,22
10,1,14
10,2,0
10,3,11
10,4,13
10,5,0
10,6,1
10,7,0
10,8,0
10,9,0
10,10,0
10,11,0
10,12,15
10,13,21
10,14,0
10,15,0
10,16,0
10,17,8
10,18,7
10,19,9
10,20,12
10,21,18
10,22,0
10,23,0
10,24,19
11,0,21
11,1,12
11,2,0
11,3,8
11,4,0
11,5,18
11,6,0
11,7,7
11,8,3
11,9,14
11,10,0
11,11,11
11,12,25
11,13,0
11,14,4
11,15,0
11,16,0
11,17,0
11,18,6
11,19,2
11,20,0
11,21,0
11,22,24
11,23,15
11,24,0
12,0,24
12,1,20
12,2,0
12,3,0
12,4,15
12,5,0
12,6,0
12,7,13
12,8,0
12,9,0
12,10,7
12,11,0
12,12,0
12,13,0
12,14,8
12,15,0
12,16,0
12,17,17
12,18,0
12,19,0
12,20,5
12,21,0
12,22,0
12,23,6
12,24,23
13,0,0
13,1,9
13,2,3
13,3,0
13,4,0
13,5,23
13,6,4
13,7,0
13,8,0
13,9,0
13,10,5
13,11,0
13,12,18
13,13,19
13,14,0
13,15,21
13,16,12
13,17,15
13,18,0
13,19,20
13,20,0
13,21,22
13,22,0
13,23,11
13,24,17
14,0,19
14,1,0
14,2,0
14,3,17
14,4,2
14,5,6
14,6,9
14,7,10
14,8,0
14,9,0
14,10,0
14,11,20
14,12,12
14,13,0
14,14,0
14,15,0
14,16,0
14,17,0
14,18,5
14,19,0
14,20,4
14,21,21
14,22,0
14,23,16
14,24,8
15,0,0
15,1,0
15,2,12
15,3,22
15,4,3
15,5,0
15,6,17
15,7,0
15,8,0
15,9,0
15,10,0
15,11,0
15,12,23
15,13,20
15,14,14
15,15,16
15,16,4
15,17,0
15,18,21
15,19,0
15,20,8
15,21,5
15,22,0
15,23,13
15,24,0
16,0,0
16,1,10
16,2,0
16,3,0
16,4,14
16,5,1
16,6,0
16,7,12
16,8,0
16,9,24
16,10,2
16,11,0
16,12,5
16,13,15
16,14,0
16,15,0
16,16,11
16,17,0
16,18,0
16,19,19
16,20,0
16,21,0
16,22,0
16,23,0
16,24,25
17,0,9
17,1,0
17,2,0
17,3,0
17,4,17
17,5,0
17,6,3
17,7,8
17,8,4
17,9,0
17,10,6
17,11,7
17,12,0
17,13,0
17,14,0
17,15,20
17,16,0
17,17,2
17,18,0
17,19,0
17,20,0
17,21,12
17,22,0
17,23,24
17,24,0
18,0,0
18,1,0
18,2,0
18,3,0
18,4,19
18,5,0
18,6,13
18,7,0
18,8,18
18,9,16
18,10,21
18,11,0
18,12,3
18,13,0
18,14,0
18,15,23
18,16,7
18,17,25
18,18,0
18,19,0
18,20,0
18,21,6
18,22,0
18,23,17
18,24,2
19,0,0
19,1,0
19,2,13
19,3,0
19,4,5
19,5,0
19,6,22
19,7,25
19,8,0
19,9,11
19,10,1
19,11,10
19,12,8
19,13,16
19,14,0
19,15,24
19,16,17
19,17,0
19,18,0
19,19,14
19,20,0
19,21,0
19,22,21
19,23,0
19,24,0
20,0,15
20,1,22
20,2,0
20,3,0
20,4,0
20,5,3
20,6,0
20,7,0
20,8,0
20,9,0
20,10,0
20,11,2
20,12,0
20,13,0
20,14,10
20,15,19
20,16,24
20,17,20
20,18,1
20,19,23
20,20,0
20,21,0
20,22,0
20,23,0
20,24,0
21,0,0
21,1,11
21,2,0
21,3,0
21,4,6
21,5,8
21,6,0
21,7,19
21,8,0
21,9,4
21,10,0
21,11,14
21,12,0
21,13,5
21,14,0
21,15,15
21,16,0
21,17,22
21,18,0
21,19,17
21,20,0
21,21,0
21,22,16
21,23,3
21,24,10
22,0,0
22,1,2
22,2,19
22,3,0
22,4,24
22,5,0
22,6,15
22,7,9
22,8,0
22,9,0
22,10,0
22,11,3
22,12,0
22,13,0
22,14,0
22,15,13
22,16,14
22,17,0
22,18,0
22,19,16
22,20,0
22,21,0
22,22,0
22,23,0
22,24,0
23,0,3
23,1,21
23,2,8
23,3,20
23,4,4
23,5,10
23,6,0
23,7,14
23,8,0
23,9,1
23,10,13
23,11,0
23,12,0
23,13,12
23,14,22
23,15,0
23,16,25
23,17,0
23,18,0
23,19,0
23,20,19
23,21,11
23,22,15
23,23,0
23,24,18
24,0,5
24,1,18
24,2,0
24,3,12
24,4,16
24,5,21
24,6,24
24,7,23
24,8,0
24,9,0
24,10,0
24,11,0
24,12,0
24,13,7
24,14,0
24,15,0
24,16,0
24,17,3
24,18,10
24,19,0
24,20,0
24,21,0
24,22,0
24,23,2
24,24,0
