0,0,3
0,1,9
0,2,0
0,3,18
0,4,0
0,5,8
0,6,12
0,7,0
0,8,0
0,9,0
0,10,0
0,11,24
0,12,11
0,13,17
0,14,0
0,15,0
0,16,0
0,17,0
0,18,4
0,19,0
0,20,23
0,21,0
0,22,0
0,23,0
0,24,13
1,0,21
1,1,22
1,2,0
1,3,0
1,4,2
1,5,4
1,6,16
1,7,19
1,8,0
1,9,6
1,10,0
1,11,0
1,12,0
1,13,0
1,14,0
1,15,0
1,16,14
1,17,0
1,18,3
1,19,0
1,20,10
1,21,25
1,22,0
1,23,5
1,24,18
2,0,14
2,1,1
2,2,11
2,3,0
2,4,23
2,5,0
2,6,17
2,7,0
2,8,2
2,9,0
2,10,19
2,11,0
2,12,0
2,13,25
2,14,21
2,15,0
2,16,0
2,17,0
2,18,9
2,19,10
2,20,3
2,21,0
2,22,4
2,23,0
2,24,8
3,0,20
3,1,16
3,2,0
3,3,5
3,4,0
3,5,0
3,6,0
3,7,21
3,8,0
3,9,14
3,10,3
3,11,0
3,12,4
3,13,1
3,14,23
3,15,0
3,16,0
3,17,17
3,18,0
3,19,0
3,20,0
3,21,0
3,22,11
3,23,12
3,24,0
4,0,0
4,1,6
4,2,25
4,3,13
4,4,0
4,5,0
4,6,0
4,7,24
4,8,0
4,9,11
4,10,0
4,11,14
4,12,22
4,13,16
4,14,0
4,15,18
4,16,0
4,17,20
4,18,0
4,19,0
4,20,15
4,21,9
4,22,0
4,23,21
4,24,0
5,0,16
5,1,2
5,2,5
5,3,0
5,4,6
5,5,22
5,6,0
5,7,0
5,8,10
5,9,0
5,10,0
5,11,11
5,12,0
5,13,13
5,14,8
5,15,0
5,16,23
5,17,4
5,18,0
5,19,0
5,20,1
5,21,0
5,22,0
5,23,0
5,24,15
6,0,0
6,1,0
6,2,13
6,3,0
6,4,0
6,5,17
6,6,3
6,7,0
6,8,0
6,9,21
6,10,0
6,11,12
6,12,20
6,13,0
6,14,2
6,15,0
6,16,22
6,17,15
6,18,1
6,19,0
6,20,0
6,21,0
6,22,18
6,23,0
6,24,0
7,0,0
7,1,0
7,2,0
7,3,0
7,4,0
7,5,16
7,6,0
7,7,0
7,8,0
7,9,0
7,10,0
7,11,1
7,12,3
7,13,19
7,14,25
7,15,10
7,16,0
7,17,6
7,18,7
7,19,17
7,20,0
7,21,0
7,22,5
7,23,0
7,24,0
8,0,9
8,1,0
8,2,10
8,3,0
8,4,0
8,5,25
8,6,20
8,7,0
8,8,11
8,9,0
8,10,0
8,11,0
8,12,0
8,13,0
8,14,0
8,15,0
8,16,19
8,17,12
8,18,16
8,19,13
8,20,0
8,21,0
8,22,0
8,23,0
8,24,0
9,0,0
9,1,0
9,2,0
9,3,0
9,4,8
9,5,9
9,6,0
9,7,0
9,8,12
9,9,0
9,10,0
9,11,0
9,12,10
9,13,22
9,14,16
9,15,0
9,16,11
9,17,25
9,18,0
9,19,24
9,20,0
9,21,7
9,22,0
9,23,13
9,24,19
10,0,0
10,1,0
10,2,0
10,3,20
10,4,14
10,5,13
10,6,25
10,7,23
10,8,0
10,9,9
10,10,0
10,11,21
10,12,1
10,13,0
10,14,0
10,15,0
10,16,5
10,17,16
10,18,12
10,19,0
10,20,4
10,21,19
10,22,15
10,23,17
10,24,0
11,0,13
11,1,0
11,2,4
11,3,23
11,4,7
11,5,14
11,6,0
11,7,3
11,8,0
11,9,16
11,10,0
11,11,20
11,12,19
11,13,0
11,14,0
11,15,15
11,16,17
11,17,0
11,18,0
11,19,6
11,20,0
11,21,8
11,22,24
11,23,18
11,24,0
12,0,5
12,1,11
12,2,16
12,3,0
12,4,25
12,5,0
12,6,1
12,7,0
12,8,19
12,9,0
12,10,14
12,11,3
12,12,0
12,13,18
12,14,17
12,15,0
12,16,9
12,17,0
12,18,8
12,19,0
12,20,13
12,21,0
12,22,23
12,23,20
12,24,10
13,0,0
13,1,24
13,2,1
13,3,17
13,4,0
13,5,2
13,6,0
13,7,0
13,8,21
13,9,10
13,10,0
13,11,0
13,12,25
13,13,15
13,14,0
13,15,20
13,16,0
13,17,18
13,18,0
13,19,19
13,20,14
13,21,5
13,22,6
13,23,0
13,24,16
14,0,0
14,1,8
14,2,2
14,3,22
14,4,19
14,5,0
14,6,4
14,7,17
14,8,6
14,9,0
14,10,0
14,11,0
14,12,24
14,13,5
14,14,0
14,15,11
14,16,0
14,17,14
14,18,21
14,19,23
14,20,7
14,21,12
14,22,0
14,23,0
14,24,0
15,0,1
15,1,3
15,2,0
15,3,2
15,4,0
15,5,6
15,6,0
15,7,25
15,8,8
15,9,0
15,10,12
15,11,15
15,12,7
15,13,0
15,14,0
15,15,0
15,16,24
15,17,0
15,18,0
15,19,18
15,20,19
15,21,0
15,22,0
15,23,0
15,24,0
16,0,0
16,1,0
16,2,0
16,3,0
16,4,0
16,5,21
16,6,24
16,7,18
16,8,9
16,9,0
16,10,0
16,11,0
16,12,0
16,13,0
16,14,0
16,15,0
16,16,4
16,17,0
16,18,25
16,19,15
16,20,0
16,21,0
16,22,3
16,23,0
16,24,20
17,0,0
17,1,0
17,2,15
17,3,0
17,4,0
17,5,19
17,6,22
17,7,11
17,8,0
17,9,17
17,10,20
17,11,10
17,12,5
17,13,24
17,14,0
17,15,0
17,16,0
17,17,0
17,18,0
17,19,7
17,20,0
17,21,0
17,22,0
17,23,0
17,24,0
18,0,0
18,1,0
18,2,8
18,3,0
18,4,0
18,5,0
18,6,2
18,7,7
18,8,3
18,9,0
18,10,25
18,11,0
18,12,6
18,13,21
18,14,0
18,15,17
18,16,0
18,17,0
18,18,11
18,19,1
18,20,0
18,21,0
18,22,10
18,23,0
18,24,0
19,0,6
19,1,0
19,2,0
19,3,0
19,4,13
19,5,0
19,6,0
19,7,20
19,8,4
19,9,0
19,10,16
19,11,9
19,12,0
19,13,11
19,14,0
19,15,0
19,16,12
19,17,0
19,18,0
19,19,3
19,20,25
19,21,0
19,22,7
19,23,14
19,24,17
20,0,0
20,1,17
20,2,0
20,3,16
20,4,1
20,5,0
20,6,0
20,7,6
20,8,0
20,9,8
20,10,0
20,11,19
20,12,13
20,13,14
20,14,0
20,15,7
20,16,0
20,17,23
20,18,0
20,19,0
20,20,0
20,21,18
20,22,20
20,23,3
20,24,0
21,0,0
21,1,20
21,2,12
21,3,0
21,4,0
21,5,0
21,6,0
21,7,2
21,8,0
21,9,0
21,10,17
21,11,6
21,12,9
21,13,0
21,14,1
21,15,19
21,16,0
21,17,21
21,18,0
21,19,0
21,20,0
21,21,15
21,22,0
21,23,8
21,24,4
22,0,2
22,1,0
22,2,9
22,3,0
22,4,22
22,5,20
22,6,5
22,7,0
22,8,0
22,9,0
22,10,11
22,11,25
22,12,0
22,13,0
22,14,18
22,15,0
22,16,6
22,17,0
22,18,24
22,19,0
22,20,21
22,21,0
22,22,13
22,23,7
22,24,14
23,0,23
23,1,18
23,2,0
23,3,11
23,4,3
23,5,0
23,6,7
23,7,0
23,8,14
23,9,0
23,10,0
23,11,0
23,12,0
23,13,0
23,14,0
23,15,22
23,16,0
23,17,13
23,18,17
23,19,8
23,20,12
23,21,0
23,22,0
23,23,2
23,24,1
24,0,10
24,1,0
24,2,0
24,3,0
24,4,21
24,5,0
24,6,15
24,7,0
24,8,0
24,9,0
24,10,0
24,11,22
24,12,12
24,13,3
24,14,0
24,15,0
24,16,0
24,17,0
24,18,20
24,19,4
24,20,0
24,21,6
24,22,0
24,23,9
24,24,5
