0,0,23
0,1,14
0,2,0
0,3,25
0,4,0
0,5,21
0,6,2
0,7,0
0,8,0
0,9,0
0,10,15
0,11,0
0,12,6
0,13,0
0,14,0
0,15,24
0,16,0
0,17,1
0,18,0
0,19,19
0,20,7
0,21,0
0,22,11
0,23,0
0,24,13
1,0,0
1,1,0
1,2,0
1,3,18
1,4,16
1,5,0
1,6,0
1,7,0
1,8,23
1,9,0
1,10,22
1,11,12
1,12,0
1,13,0
1,14,0
1,15,0
1,16,11
1,17,0
1,18,3
1,19,15
1,20,0
1,21,5
1,22,0
1,23,0
1,24,0
2,0,0
2,1,0
2,2,0
2,3,21
2,4,11
2,5,0
2,6,9
2,7,0
2,8,0
2,9,0
2,10,0
2,11,0
2,12,7
2,13,10
2,14,14
2,15,0
2,16,12
2,17,0
2,18,13
2,19,20
2,20,1
2,21,19
2,22,17
2,23,6
2,24,0
3,0,0
3,1,17
3,2,12
3,3,0
3,4,22
3,5,8
3,6,0
3,7,0
3,8,0
3,9,1
3,10,13
3,11,9
3,12,18
3,13,3
3,14,0
3,15,14
3,16,0
3,17,0
3,18,0
3,19,0
3,20,25
3,21,0
3,22,16
3,23,0
3,24,0
4,0,5
4,1,0
4,2,0
4,3,19
4,4,0
4,5,0
4,6,17
4,7,12
4,8,0
4,9,25
4,10,0
4,11,2
4,12,0
4,13,0
4,14,20
4,15,0
4,16,0
4,17,0
4,18,0
4,19,8
4,20,0
4,21,22
4,22,0
4,23,0
4,24,3
5,0,0
5,1,0
5,2,11
5,3,0
5,4,7
5,5,0
5,6,0
5,7,25
5,8,3
5,9,23
5,10,0
5,11,0
5,12,0
5,13,2
5,14,6
5,15,17
5,16,5
5,17,0
5,18,0
5,19,13
5,20,0
5,21,0
5,22,20
5,23,22
5,24,0
6,0,0
6,1,0
6,2,1
6,3,17
6,4,8
6,5,0
6,6,0
6,7,15
6,8,0
6,9,0
6,10,0
6,11,0
6,12,0
6,13,0
6,14,22
6,15,0
6,16,0
6,17,0
6,18,0
6,19,2
6,20,23
6,21,9
6,22,0
6,23,25
6,24,11
7,0,25
7,1,3
7,2,6
7,3,0
7,4,5
7,5,0
7,6,0
7,7,0
7,8,21
7,9,13
7,10,0
7,11,7
7,12,0
7,13,16
7,14,0
7,15,0
7,16,20
7,17,0
7,18,10
7,19,0
7,20,0
7,21,2
7,22,1
7,23,17
7,24,0
8,0,0
8,1,4
8,2,0
8,3,0
8,4,10
8,5,0
8,6,20
8,7,0
8,8,8
8,9,0
8,10,11
8,11,17
8,12,5
8,13,23
8,14,3
8,15,0
8,16,0
8,17,18
8,18,0
8,19,0
8,20,0
8,21,0
8,22,0
8,23,0
8,24,0
9,0,0
9,1,0
9,2,19
9,3,0
9,4,15
9,5,2
9,6,0
9,7,0
9,8,0
9,9,0
9,10,0
9,11,0
9,12,0
9,13,9
9,14,0
9,15,22
9,16,0
9,17,4
9,18,0
9,19,0
9,20,0
9,21,0
9,22,5
9,23,7
9,24,10
10,0,20
10,1,0
10,2,10
10,3,14
10,4,0
10,5,3
10,6,0
10,7,0
10,8,16
10,9,18
10,10,0
10,11,11
10,12,0
10,13,0
10,14,12
10,15,6
10,16,9
10,17,0
10,18,0
10,19,4
10,20,19
10,21,0
10,22,23
10,23,1
10,24,0
11,0,7
11,1,0
11,2,0
11,3,0
11,4,18
11,5,20
11,6,15
11,7,0
11,8,22
11,9,4
11,10,0
11,11,3
11,12,0
11,13,0
11,14,0
11,15,10
11,16,0
11,17,12
11,18,16
11,19,0
11,20,0
11,21,0
11,22,0
11,23,14
11,24,25
12,0,0
12,1,0
12,2,23
12,3,0
12,4,0
12,5,25
12,6,12
12,7,1
12,8,0
12,9,19
12,10,7
12,11,0
12,12,20
12,13,0
12,14,18
12,15,21
12,16,0
12,17,8
12,18,14
12,19,17
12,20,0
12,21,0
12,22,10
12,23,0
12,24,0
13,0,16
13,1,2
13,2,0
13,3,0
13,4,0
13,5,0
13,6,8
13,7,10
13,8,0
13,9,21
13,10,0
13,11,0
13,12,0
13,13,15
13,14,0
13,15,18
13,16,22
13,17,0
13,18,20
13,19,7
13,20,11
13,21,0
13,22,0
13,23,0
13,24,5
14,0,0
14,1,15
14,2,9
14,3,0
14,4,19
14,5,14
14,6,0
14,7,0
14,8,24
14,9,11
14,10,6
14,11,0
14,12,0
14,13,1
14,14,0
14,15,23
14,16,3
14,17,0
14,18,0
14,19,5
14,20,0
14,21,21
14,22,2
14,23,0
14,24,8
15,0,11
15,1,16
15,2,5
15,3,0
15,4,0
15,5,0
15,6,0
15,7,19
15,8,0
15,9,7
15,10,0
15,11,10
15,12,0
15,13,0
15,14,0
15,15,0
15,16,0
15,17,0
15,18,0
15,19,21
15,20,9
15,21,0
15,22,22
15,23,0
15,24,0
16,0,0
16,1,0
16,2,0
16,3,0
16,4,0
16,5,0
16,6,0
16,7,5
16,8,0
16,9,0
16,10,18
16,11,15
16,12,1
16,13,13
16,14,9
16,15,0
16,16,19
16,17,0
16,18,6
16,19,0
16,20,3
16,21,0
16,22,0
16,23,24
16,24,0
17,0,0
17,1,22
17,2,15
17,3,20
17,4,0
17,5,0
17,6,4
17,7,0
17,8,13
17,9,0
17,10,0
17,11,5
17,12,0
17,13,24
17,14,0
17,15,1
17,16,25
17,17,0
17,18,0
17,19,0
17,20,2
17,21,0
17,22,21
17,23,16
17,24,7
18,0,13
18,1,21
18,2,0
18,3,9
18,4,1
18,5,24
18,6,0
18,7,0
18,8,0
18,9,0
18,10,23
18,11,0
18,12,0
18,13,0
18,14,0
18,15,0
18,16,0
18,17,20
18,18,0
18,19,0
18,20,5
18,21,14
18,22,15
18,23,0
18,24,0
19,0,0
19,1,19
19,2,14
19,3,0
19,4,0
19,5,10
19,6,0
19,7,0
19,8,20
19,9,15
19,10,21
19,11,22
19,12,0
19,13,0
19,14,0
19,15,11
19,16,13
19,17,9
19,18,0
19,19,0
19,20,12
19,21,0
19,22,8
19,23,0
19,24,0
20,0,9
20,1,0
20,2,0
20,3,15
20,4,0
20,5,1
20,6,0
20,7,0
20,8,0
20,9,0
20,10,2
20,11,0
20,12,0
20,13,6
20,14,0
20,15,16
20,16,0
20,17,7
20,18,19
20,19,0
20,20,0
20,21,12
20,22,0
20,23,0
20,24,21
21,0,0
21,1,0
21,2,3
21,3,0
21,4,25
21,5,0
21,6,0
21,7,0
21,8,0
21,9,10
21,10,0
21,11,24
21,12,22
21,13,21
21,14,8
21,15,5
21,16,0
21,17,0
21,18,0
21,19,14
21,20,13
21,21,0
21,22,9
21,23,2
21,24,0
22,0,0
22,1,18
22,2,17
22,3,11
22,4,14
22,5,15
22,6,23
22,7,0
22,8,19
22,9,0
22,10,3
22,11,16
22,12,13
22,13,0
22,14,0
22,15,0
22,16,0
22,17,0
22,18,22
22,19,0
22,20,8
22,21,1
22,22,0
22,23,0
22,24,0
23,0,0
23,1,0
23,2,0
23,3,8
23,4,0
23,5,7
23,6,3
23,7,0
23,8,4
23,9,0
23,10,0
23,11,0
23,12,0
23,13,18
23,14,23
23,15,0
23,16,2
23,17,0
23,18,0
23,19,0
23,20,24
23,21,11
23,22,0
23,23,0
23,24,0
24,0,19
24,1,0
24,2,16
24,3,0
24,4,24
24,5,17
24,6,0
24,7,21
24,8,0
24,9,2
24,10,0
24,11,0
24,12,9
24,13,0
24,14,7
24,15,0
24,16,0
24,17,0
24,18,1
24,19,10
24,20,0
24,21,15
24,22,0
24,23,5
24,24,20
