0,0,17
0,1,0
0,2,11
0,3,9
0,4,19
0,5,5
0,6,1
0,7,14
0,8,7
0,9,0
0,10,12
0,11,0
0,12,0
0,13,2
0,14,0
0,15,0
0,16,20
0,17,10
0,18,4
0,19,0
0,20,0
0,21,8
0,22,21
0,23,22
0,24,0
1,0,13
1,1,7
1,2,0
1,3,0
1,4,22
1,5,0
1,6,4
1,7,0
1,8,0
1,9,11
1,10,0
1,11,0
1,12,0
1,13,0
1,14,14
1,15,0
1,16,0
1,17,23
1,18,0
1,19,5
1,20,20
1,21,0
1,22,6
1,23,0
1,24,2
2,0,0
2,1,23
2,2,0
2,3,20
2,4,0
2,5,24
2,6,0
2,7,0
2,8,15
2,9,10
2,10,8
2,11,5
2,12,6
2,13,0
2,14,0
2,15,13
2,16,0
2,17,25
2,18,7
2,19,19
2,20,0
2,21,17
2,22,18
2,23,0
2,24,0
3,0,0
3,1,0
3,2,6
3,3,0
3,4,18
3,5,2
3,6,3
3,7,0
3,8,0
3,9,19
3,10,0
3,11,0
3,12,0
3,13,0
3,14,0
3,15,0
3,16,16
3,17,17
3,18,15
3,19,21
3,20,10
3,21,12
3,22,23
3,23,0
3,24,13
4,0,0
4,1,0
4,2,0
4,3,0
4,4,0
4,5,0
4,6,0
4,7,0
4,8,20
4,9,23
4,10,0
4,11,13
4,12,4
4,13,0
4,14,24
4,15,0
4,16,12
4,17,18
4,18,3
4,19,2
4,20,0
4,21,0
4,22,0
4,23,0
4,24,11
5,0,19
5,1,0
5,2,21
5,3,0
5,4,9
5,5,4
5,6,0
5,7,0
5,8,6
5,9,0
5,10,13
5,11,0
5,12,0
5,13,0
5,14,0
5,15,0
5,16,25
5,17,24
5,18,20
5,19,1
5,20,8
5,21,0
5,22,16
5,23,0
5,24,10
6,0,1
6,1,14
6,2,0
6,3,10
6,4,24
6,5,0
6,6,20
6,7,23
6,8,0
6,9,0
6,10,18
6,11,0
6,12,0
6,13,6
6,14,0
6,15,2
6,16,3
6,17,12
6,18,0
6,19,16
6,20,11
6,21,0
6,22,0
6,23,0
6,24,0
7,0,0
7,1,6
7,2,0
7,3,0
7,4,20
7,5,0
7,6,0
7,7,0
7,8,0
7,9,0
7,10,23
7,11,1
7,12,10
7,13,0
7,14,15
7,15,19
7,16,21
7,17,0
7,18,17
7,19,0
7,20,2
7,21,13
7,22,0
7,23,4
7,24,9
8,0,0
8,1,25
8,2,0
8,3,0
8,4,0
8,5,17
8,6,14
8,7,0
8,8,0
8,9,0
8,10,0
8,11,2
8,12,22
8,13,0
8,14,0
8,15,0
8,16,0
8,17,5
8,18,0
8,19,0
8,20,0
8,21,19
8,22,0
8,23,6
8,24,0
9,0,18
9,1,2
9,2,12
9,3,22
9,4,3
9,5,0
9,6,0
9,7,0
9,8,0
9,9,0
9,10,21
9,11,16
9,12,0
9,13,8
9,14,0
9,15,23
9,16,0
9,17,0
9,18,14
9,19,0
9,20,24
9,21,0
9,22,7
9,23,15
9,24,20
10,0,2
10,1,0
10,2,0
10,3,0
10,4,6
10,5,21
10,6,0
10,7,17
10,8,12
10,9,16
10,10,4
10,11,0
10,12,20
10,13,15
10,14,23
10,15,22
10,16,0
10,17,19
10,18,11
10,19,0
10,20,0
10,21,0
10,22,0
10,23,0
10,24,0
11,0,0
11,1,1
11,2,17
11,3,19
11,4,0
11,5,9
11,6,22
11,7,0
11,8,8
11,9,0
11,10,2
11,11,25
11,12,14
11,13,0
11,14,0
11,15,12
11,16,5
11,17,0
11,18,24
11,19,0
11,20,0
11,21,0
11,22,15
11,23,10
11,24,21
12,0,22
12,1,0
12,2,0
12,3,24
12,4,0
12,5,0
12,6,19
12,7,25
12,8,0
12,9,0
12,10,0
12,11,0
12,12,0
12,13,0
12,14,0
12,15,0
12,16,0
12,17,6
12,18,1
12,19,0
12,20,0
12,21,11
12,22,0
12,23,0
12,24,17
13,0,8
13,1,5
13,2,15
13,3,0
13,4,0
13,5,0
13,6,18
13,7,0
13,8,24
13,9,4
13,10,0
13,11,0
13,12,17
13,13,1
13,14,6
13,15,0
13,16,10
13,17,0
13,18,16
13,19,20
13,20,0
13,21,7
13,22,22
13,23,2
13,24,0
14,0,0
14,1,0
14,2,0
14,3,0
14,4,0
14,5,0
14,6,5
14,7,11
14,8,0
14,9,14
14,10,24
14,11,8
14,12,12
14,13,0
14,14,19
14,15,21
14,16,23
14,17,13
14,18,0
14,19,17
14,20,9
14,21,0
14,22,0
14,23,0
14,24,6
15,0,4
15,1,21
15,2,2
15,3,0
15,4,12
15,5,0
15,6,6
15,7,0
15,8,0
15,9,25
15,10,0
15,11,24
15,12,0
15,13,14
15,14,3
15,15,0
15,16,0
15,17,0
15,18,0
15,19,0
15,20,16
15,21,15
15,22,10
15,23,8
15,24,5
16,0,0
16,1,8
16,2,0
16,3,1
16,4,0
16,5,0
16,6,0
16,7,15
16,8,0
16,9,0
16,10,0
16,11,0
16,12,2
16,13,19
16,14,0
16,15,0
16,16,0
16,17,0
16,18,21
16,19,18
16,20,0
16,21,0
16,22,0
16,23,23
16,24,0
17,0,14
17,1,9
17,2,0
17,3,18
17,4,7
17,5,0
17,6,2
17,7,0
17,8,5
17,9,8
17,10,15
17,11,0
17,12,1
17,13,20
17,14,10
17,15,0
17,16,0
17,17,0
17,18,0
17,19,0
17,20,3
17,21,0
17,22,0
17,23,25
17,24,0
18,0,0
18,1,0
18,2,0
18,3,0
18,4,16
18,5,12
18,6,0
18,7,3
18,8,10
18,9,20
18,10,0
18,11,22
18,12,0
18,13,0
18,14,8
18,15,0
18,16,0
18,17,1
18,18,25
18,19,0
18,20,17
18,21,2
18,22,0
18,23,13
18,24,24
19,0,23
19,1,0
19,2,22
19,3,0
19,4,15
19,5,19
19,6,7
19,7,9
19,8,14
19,9,0
19,10,0
19,11,0
19,12,0
19,13,0
19,14,25
19,15,0
19,16,8
19,17,0
19,18,0
19,19,10
19,20,21
19,21,0
19,22,12
19,23,0
19,24,1
20,0,12
20,1,0
20,2,0
20,3,0
20,4,0
20,5,1
20,6,24
20,7,7
20,8,25
20,9,0
20,10,9
20,11,0
20,12,21
20,13,16
20,14,0
20,15,20
20,16,4
20,17,0
20,18,0
20,19,0
20,20,0
20,21,0
20,22,0
20,23,0
20,24,0
21,0,21
21,1,0
21,2,7
21,3,11
21,4,5
21,5,13
21,6,15
21,7,20
21,8,4
21,9,0
21,10,0
21,11,0
21,12,0
21,13,0
21,14,0
21,15,24
21,16,0
21,17,0
21,18,18
21,19,14
21,20,6
21,21,0
21,22,17
21,23,0
21,24,0
22,0,0
22,1,0
22,2,23
22,3,4
22,4,0
22,5,14
22,6,8
22,7,19
22,8,0
22,9,3
22,10,0
22,11,0
22,12,11
22,13,5
22,14,2
22,15,1
22,16,6
22,17,0
22,18,0
22,19,25
22,20,0
22,21,9
22,22,0
22,23,24
22,24,0
23,0,9
23,1,0
23,2,16
23,3,0
23,4,14
23,5,22
23,6,0
23,7,21
23,8,0
23,9,0
23,10,20
23,11,0
23,12,0
23,13,0
23,14,0
23,15,10
23,16,0
23,17,0
23,18,5
23,19,0
23,20,1
23,21,0
23,22,0
23,23,19
23,24,8
24,0,0
24,1,22
24,2,18
24,3,6
24,4,0
24,5,0
24,6,11
24,7,10
24,8,2
24,9,0
24,10,0
24,11,23
24,12,0
24,13,0
24,14,12
24,15,0
24,16,13
24,17,8
24,18,19
24,19,9
24,20,4
24,21,3
24,22,20
24,23,0
24,24,15
