0,0,13
0,1,1
0,2,0
0,3,0
0,4,12
0,5,0
0,6,0
0,7,0
0,8,5
0,9,0
0,10,20
0,11,0
0,12,4
0,13,0
0,14,0
0,15,6
0,16,22
0,17,2
0,18,0
0,19,0
0,20,0
0,21,19
0,22,23
0,23,18
0,24,0
1,0,0
1,1,18
1,2,0
1,3,23
1,4,8
1,5,13
1,6,0
1,7,0
1,8,0
1,9,0
1,10,0
1,11,7
1,12,1
1,13,9
1,14,6
1,15,0
1,16,0
1,17,0
1,18,17
1,19,5
1,20,2
1,21,0
1,22,25
1,23,0
1,24,0
2,0,0
2,1,0
2,2,0
2,3,10
2,4,0
2,5,15
2,6,0
2,7,9
2,8,0
2,9,0
2,10,23
2,11,0
2,12,0
2,13,0
2,14,2
2,15,0
2,16,4
2,17,0
2,18,0
2,19,14
2,20,0
2,21,0
2,22,8
2,23,0
2,24,0
3,0,11
3,1,6
3,2,0
3,3,0
3,4,17
3,5,0
3,6,0
3,7,0
3,8,0
3,9,0
3,10,24
3,11,0
3,12,16
3,13,13
3,14,25
3,15,0
3,16,7
3,17,0
3,18,0
3,19,0
3,20,10
3,21,9
3,22,5
3,23,22
3,24,0
4,0,9
4,1,0
4,2,19
4,3,16
4,4,0
4,5,0
4,6,0
4,7,24
4,8,0
4,9,12
4,10,0
4,11,0
4,12,0
4,13,22
4,14,0
4,15,0
4,16,10
4,17,0
4,18,0
4,19,0
4,20,0
4,21,7
4,22,0
4,23,0
4,24,0
5,0,0
5,1,19
5,2,0
5,3,4
5,4,23
5,5,0
5,6,14
5,7,22
5,8,8
5,9,0
5,10,0
5,11,25
5,12,5
5,13,0
5,14,11
5,15,0
5,16,0
5,17,7
5,18,21
5,19,2
5,20,0
5,21,1
5,22,12
5,23,0
5,24,16
6,0,24
6,1,0
6,2,13
6,3,25
6,4,0
6,5,0
6,6,0
6,7,4
6,8,0
6,9,0
6,10,10
6,11,14
6,12,0
6,13,0
6,14,1
6,15,0
6,16,18
6,17,9
6,18,0
6,19,0
6,20,6
6,21,0
6,22,7
6,23,11
6,24,0
7,0,1
7,1,0
7,2,5
7,3,18
7,4,0
7,5,0
7,6,17
7,7,0
7,8,0
7,9,0
7,10,0
7,11,2
7,12,0
7,13,0
7,14,22
7,15,19
7,16,12
7,17,16
7,18,0
7,19,0
7,20,0
7,21,0
7,22,0
7,23,24
7,24,0
8,0,0
8,1,10
8,2,22
8,3,6
8,4,0
8,5,0
8,6,0
8,7,21
8,8,0
8,9,0
8,10,0
8,11,4
8,12,0
8,13,7
8,14,0
8,15,0
8,16,0
8,17,0
8,18,0
8,19,0
8,20,0
8,21,20
8,22,13
8,23,0
8,24,15
9,0,3
9,1,14
9,2,12
9,3,0
9,4,0
9,5,16
9,6,0
9,7,7
9,8,0
9,9,18
9,10,9
9,11,0
9,12,23
9,13,20
9,14,19
9,15,0
9,16,6
9,17,0
9,18,0
9,19,10
9,20,25
9,21,4
9,22,0
9,23,0
9,24,0
10,0,5
10,1,0
10,2,17
10,3,0
10,4,0
10,5,0
10,6,21
10,7,23
10,8,13
10,9,4
10,10,6
10,11,0
10,12,8
10,13,3
10,14,24
10,15,11
10,16,0
10,17,1
10,18,16
10,19,18
10,20,0
10,21,0
10,22,0
10,23,7
10,24,0
11,0,2
11,1,0
11,2,0
11,3,0
11,4,25
11,5,0
11,6,24
11,7,0
11,8,14
11,9,0
11,10,0
11,11,0
11,12,0
11,13,0
11,14,0
11,15,0
11,16,0
11,17,12
11,18,0
11,19,20
11,20,0
11,21,17
11,22,3
11,23,1
11,24,10
12,0,0
12,1,0
12,2,11
12,3,0
12,4,20
12,5,7
12,6,8
12,7,0
12,8,18
12,9,0
12,10,0
12,11,0
12,12,0
12,13,0
12,14,0
12,15,0
12,16,19
12,17,0
12,18,14
12,19,3
12,20,13
12,21,0
12,22,16
12,23,0
12,24,0
13,0,7
13,1,15
13,2,1
13,3,13
13,4,0
13,5,6
13,6,0
13,7,16
13,8,0
13,9,0
13,10,0
13,11,0
13,12,0
13,13,0
13,14,0
13,15,0
13,16,21
13,17,0
13,18,23
13,19,0
13,20,9
13,21,0
13,22,0
13,23,0
13,24,24
14,0,0
14,1,4
14,2,0
14,3,0
14,4,0
14,5,9
14,6,3
14,7,5
14,8,0
14,9,1
14,10,17
14,11,16
14,12,21
14,13,0
14,14,15
14,15,10
14,16,13
14,17,24
14,18,7
14,19,0
14,20,0
14,21,0
14,22,11
14,23,0
14,24,22
15,0,0
15,1,0
15,2,0
15,3,11
15,4,18
15,5,8
15,6,0
15,7,0
15,8,22
15,9,0
15,10,7
15,11,21
15,12,12
15,13,0
15,14,20
15,15,2
15,16,0
15,17,17
15,18,0
15,19,13
15,20,0
15,21,0
15,22,19
15,23,16
15,24,14
16,0,25
16,1,0
16,2,10
16,3,21
16,4,0
16,5,0
16,6,0
16,7,0
16,8,0
16,9,0
16,10,0
16,11,11
16,12,0
16,13,5
16,14,0
16,15,0
16,16,0
16,17,3
16,18,0
16,19,0
16,20,0
16,21,6
16,22,15
16,23,17
16,24,0
17,0,0
17,1,3
17,2,0
17,3,0
17,4,0
17,5,0
17,6,0
17,7,12
17,8,7
17,9,17
17,10,2
17,11,0
17,12,0
17,13,18
17,14,0
17,15,0
17,16,0
17,17,0
17,18,1
17,19,0
17,20,0
17,21,8
17,22,24
17,23,0
17,24,13
18,0,0
18,1,16
18,2,14
18,3,0
18,4,22
18,5,0
18,6,0
18,7,1
18,8,15
18,9,0
18,10,4
18,11,0
18,12,0
18,13,17
18,14,13
18,15,0
18,16,0
18,17,23
18,18,0
18,19,0
18,20,0
18,21,11
18,22,20
18,23,0
18,24,3
19,0,17
19,1,0
19,2,2
19,3,15
19,4,0
19,5,23
19,6,6
19,7,13
19,8,0
19,9,0
19,10,22
19,11,0
19,12,19
19,13,25
19,14,0
19,15,0
19,16,11
19,17,10
19,18,12
19,19,0
19,20,5
19,21,18
19,22,0
19,23,4
19,24,0
20,0,0
20,1,0
20,2,0
20,3,5
20,4,0
20,5,0
20,6,0
20,7,0
20,8,24
20,9,0
20,10,0
20,11,20
20,12,0
20,13,0
20,14,0
20,15,25
20,16,0
20,17,8
20,18,0
20,19,0
20,20,0
20,21,13
20,22,6
20,23,0
20,24,19
21,0,0
21,1,17
21,2,3
21,3,19
21,4,10
21,5,0
21,6,0
21,7,0
21,8,20
21,9,0
21,10,13
21,11,6
21,12,9
21,13,0
21,14,4
21,15,0
21,16,0
21,17,0
21,18,0
21,19,0
21,20,7
21,21,0
21,22,0
21,23,15
21,24,2
22,0,0
22,1,0
22,2,21
22,3,0
22,4,0
22,5,17
22,6,0
22,7,0
22,8,12
22,9,0
22,10,25
22,11,0
22,12,0
22,13,0
22,14,10
22,15,0
22,16,0
22,17,20
22,18,0
22,19,22
22,20,0
22,21,24
22,22,0
22,23,0
22,24,0
23,0,0
23,1,0
23,2,8
23,3,0
23,4,24
23,5,22
23,6,7
23,7,0
23,8,0
23,9,0
23,10,15
23,11,18
23,12,2
23,13,21
23,14,0
23,15,0
23,16,0
23,17,0
23,18,0
23,19,11
23,20,20
23,21,16
23,22,0
23,23,14
23,24,0
24,0,0
24,1,25
24,2,7
24,3,22
24,4,0
24,5,0
24,6,0
24,7,11
24,8,9
24,9,13
24,10,0
24,11,0
24,12,24
24,13,0
24,14,14
24,15,0
24,16,23
24,17,0
24,18,0
24,19,0
24,20,12
24,21,0
24,22,0
24,23,10
24,24,5
