0,0,9
0,1,15
0,2,2
0,3,18
0,4,17
0,5,24
0,6,25
0,7,5
0,8,14
0,9,8
0,10,0
0,11,21
0,12,13
0,13,0
0,14,22
0,15,10
0,16,0
0,17,0
0,18,0
0,19,0
0,20,6
0,21,11
0,22,0
0,23,20
0,24,0
1,0,19
1,1,16
1,2,0
1,3,0
1,4,0
1,5,0
1,6,0
1,7,15
1,8,4
1,9,0
1,10,2
1,11,0
1,12,0
1,13,0
1,14,0
1,15,22
1,16,8
1,17,0
1,18,21
1,19,11
1,20,14
1,21,0
1,22,0
1,23,10
1,24,17
2,0,0
2,1,11
2,2,0
2,3,22
2,4,24
2,5,20
2,6,16
2,7,19
2,8,18
2,9,0
2,10,0
2,11,0
2,12,3
2,13,9
2,14,0
2,15,12
2,16,0
2,17,0
2,18,5
2,19,0
2,20,0
2,21,0
2,22,25
2,23,23
2,24,7
3,0,0
3,1,0
3,2,0
3,3,0
3,4,6
3,5,0
3,6,0
3,7,0
3,8,3
3,9,22
3,10,0
3,11,5
3,12,0
3,13,17
3,14,0
3,15,25
3,16,0
3,17,0
3,18,0
3,19,9
3,20,0
3,21,2
3,22,0
3,23,1
3,24,0
4,0,25
4,1,0
4,2,0
4,3,0
4,4,1
4,5,0
4,6,23
4,7,12
4,8,0
4,9,0
4,10,0
4,11,0
4,12,0
4,13,11
4,14,14
4,15,0
4,16,0
4,17,4
4,18,0
4,19,0
4,20,22
4,21,0
4,22,16
4,23,0
4,24,21
5,0,16
5,1,0
5,2,0
5,3,0
5,4,13
5,5,0
5,6,14
5,7,7
5,8,0
5,9,0
5,10,0
5,11,6
5,12,0
5,13,10
5,14,1
5,15,0
5,16,20
5,17,9
5,18,0
5,19,12
5,20,0
5,21,0
5,22,0
5,23,0
5,24,0
6,0,0
6,1,0
6,2,0
6,3,0
6,4,0
6,5,0
6,6,0
6,7,0
6,8,12
6,9,0
6,10,24
6,11,9
6,12,21
6,13,0
6,14,0
6,15,4
6,16,0
6,17,0
6,18,2
6,19,22
6,20,0
6,21,15
6,22,0
6,23,7
6,24,0
7,0,0
7,1,0
7,2,19
7,3,0
7,4,14
7,5,1
7,6,0
7,7,0
7,8,0
7,9,0
7,10,3
7,11,0
7,12,12
7,13,20
7,14,5
7,15,16
7,16,0
7,17,0
7,18,0
7,19,18
7,20,23
7,21,10
7,22,0
7,23,0
7,24,0
8,0,22
8,1,0
8,2,0
8,3,0
8,4,3
8,5,0
8,6,6
8,7,0
8,8,21
8,9,4
8,10,14
8,11,7
8,12,0
8,13,0
8,14,0
8,15,17
8,16,5
8,17,19
8,18,25
8,19,10
8,20,16
8,21,20
8,22,24
8,23,9
8,24,11
9,0,0
9,1,4
9,2,0
9,3,0
9,4,0
9,5,25
9,6,9
9,7,0
9,8,0
9,9,0
9,10,17
9,11,0
9,12,0
9,13,0
9,14,13
9,15,0
9,16,0
9,17,0
9,18,14
9,19,0
9,20,0
9,21,1
9,22,0
9,23,0
9,24,19
10,0,1
10,1,0
10,2,0
10,3,0
10,4,8
10,5,0
10,6,10
10,7,0
10,8,17
10,9,0
10,10,19
10,11,0
10,12,9
10,13,0
10,14,15
10,15,20
10,16,0
10,17,23
10,18,22
10,19,0
10,20,0
10,21,0
10,22,0
10,23,13
10,24,5
11,0,0
11,1,0
11,2,15
11,3,2
11,4,10
11,5,0
11,6,19
11,7,0
11,8,16
11,9,14
11,10,0
11,11,11
11,12,0
11,13,18
11,14,0
11,15,3
11,16,1
11,17,0
11,18,0
11,19,5
11,20,0
11,21,0
11,22,0
11,23,0
11,24,8
12,0,0
12,1,0
12,2,0
12,3,0
12,4,18
12,5,12
12,6,0
12,7,0
12,8,7
12,9,0
12,10,16
12,11,0
12,12,23
12,13,0
12,14,17
12,15,0
12,16,19
12,17,0
12,18,0
12,19,25
12,20,3
12,21,0
12,22,0
12,23,0
12,24,0
13,0,7
13,1,0
13,2,0
13,3,0
13,4,0
13,5,5
13,6,0
13,7,0
13,8,6
13,9,23
13,10,0
13,11,14
13,12,0
13,13,1
13,14,0
13,15,24
13,16,15
13,17,0
13,18,9
13,19,0
13,20,18
13,21,19
13,22,2
13,23,0
13,24,0
14,0,23
14,1,5
14,2,0
14,3,0
14,4,0
14,5,0
14,6,8
14,7,4
14,8,0
14,9,3
14,10,25
14,11,0
14,12,22
14,13,0
14,14,21
14,15,0
14,16,17
14,17,0
14,18,11
14,19,0
14,20,7
14,21,0
14,22,0
14,23,0
14,24,20
15,0,11
15,1,0
15,2,0
15,3,1
15,4,0
15,5,0
15,6,18
15,7,0
15,8,0
15,9,0
15,10,23
15,11,0
15,12,0
15,13,0
15,14,2
15,15,0
15,16,0
15,17,0
15,18,7
15,19,4
15,20,0
15,21,0
15,22,0
15,23,8
15,24,0
16,0,18
16,1,2
16,2,13
16,3,21
16,4,16
16,5,10
16,6,24
16,7,11
16,8,19
16,9,12
16,10,0
16,11,0
16,12,0
16,13,22
16,14,25
16,15,23
16,16,3
16,17,0
16,18,17
16,19,0
16,20,1
16,21,0
16,22,0
16,23,0
16,24,9
17,0,0
17,1,0
17,2,0
17,3,12
17,4,15
17,5,3
17,6,0
17,7,0
17,8,0
17,9,7
17,10,1
17,11,18
17,12,8
17,13,0
17,14,24
17,15,0
17,16,0
17,17,0
17,18,0
17,19,16
17,20,19
17,21,0
17,22,11
17,23,0
17,24,0
18,0,0
18,1,24
18,2,0
18,3,14
18,4,0
18,5,4
18,6,5
18,7,0
18,8,0
18,9,25
18,10,0
18,11,0
18,12,17
18,13,16
18,14,12
18,15,0
18,16,9
18,17,0
18,18,0
18,19,0
18,20,0
18,21,0
18,22,0
18,23,0
18,24,0
19,0,0
19,1,0
19,2,0
19,3,0
19,4,0
19,5,13
19,6,0
19,7,14
19,8,2
19,9,0
19,10,7
19,11,10
19,12,0
19,13,4
19,14,0
19,15,0
19,16,0
19,17,6
19,18,1
19,19,0
19,20,21
19,21,0
19,22,0
19,23,0
19,24,18
20,0,2
20,1,0
20,2,5
20,3,0
20,4,20
20,5,0
20,6,0
20,7,21
20,8,0
20,9,0
20,10,12
20,11,3
20,12,0
20,13,0
20,14,0
20,15,0
20,16,0
20,17,18
20,18,19
20,19,0
20,20,9
20,21,0
20,22,0
20,23,0
20,24,15
21,0,0
21,1,25
21,2,0
21,3,8
21,4,0
21,5,14
21,6,0
21,7,0
21,8,0
21,9,15
21,10,0
21,11,23
21,12,0
21,13,21
21,14,0
21,15,5
21,16,22
21,17,0
21,18,0
21,19,0
21,20,10
21,21,0
21,22,0
21,23,0
21,24,0
22,0,14
22,1,12
22,2,11
22,3,0
22,4,0
22,5,0
22,6,1
22,7,0
22,8,0
22,9,10
22,10,0
22,11,19
22,12,15
22,13,0
22,14,0
22,15,0
22,16,16
22,17,20
22,18,6
22,19,8
22,20,24
22,21,21
22,22,0
22,23,3
22,24,0
23,0,10
23,1,19
23,2,0
23,3,0
23,4,21
23,5,9
23,6,12
23,7,0
23,8,25
23,9,5
23,10,0
23,11,0
23,12,0
23,13,0
23,14,11
23,15,0
23,16,13
23,17,15
23,18,0
23,19,0
23,20,0
23,21,0
23,22,0
23,23,4
23,24,6
24,0,0
24,1,17
24,2,0
24,3,15
24,4,22
24,5,0
24,6,0
24,7,0
24,8,0
24,9,19
24,10,20
24,11,0
24,12,14
24,13,7
24,14,0
24,15,9
24,16,10
24,17,25
24,18,3
24,19,21
24,20,13
24,21,5
24,22,23
24,23,12
24,24,2
