0,0,17
0,1,0
0,2,2
0,3,1
0,4,0
0,5,4
0,6,5
0,7,0
0,8,21
0,9,13
0,10,18
0,11,0
0,12,8
0,13,23
0,14,22
0,15,0
0,16,0
0,17,0
0,18,20
0,19,3
0,20,0
0,21,25
0,22,15
0,23,7
0,24,9
1,0,8
1,1,0
1,2,13
1,3,0
1,4,22
1,5,0
1,6,0
1,7,3
1,8,20
1,9,0
1,10,0
1,11,0
1,12,0
1,13,0
1,14,21
1,15,0
1,16,12
1,17,16
1,18,0
1,19,1
1,20,14
1,21,0
1,22,0
1,23,5
1,24,19
2,0,4
2,1,0
2,2,0
2,3,0
2,4,0
2,5,1
2,6,11
2,7,17
2,8,25
2,9,0
2,10,13
2,11,0
2,12,14
2,13,0
2,14,0
2,15,23
2,16,22
2,17,0
2,18,0
2,19,5
2,20,0
2,21,0
2,22,10
2,23,20
2,24,3
3,0,0
3,1,0
3,2,21
3,3,0
3,4,0
3,5,12
3,6,0
3,7,0
3,8,0
3,9,0
3,10,11
3,11,0
3,12,17
3,13,0
3,14,0
3,15,0
3,16,0
3,17,4
3,18,0
3,19,7
3,20,0
3,21,16
3,22,18
3,23,0
3,24,0
4,0,0
4,1,0
4,2,14
4,3,15
4,4,16
4,5,8
4,6,7
4,7,0
4,8,18
4,9,2
4,10,10
4,11,0
4,12,0
4,13,6
4,14,0
4,15,0
4,16,0
4,17,0
4,18,25
4,19,21
4,20,0
4,21,23
4,22,22
4,23,0
4,24,24
5,0,0
5,1,15
5,2,17
5,3,3
5,4,0
5,5,0
5,6,0
5,7,0
5,8,0
5,9,0
5,10,23
5,11,0
5,12,0
5,13,0
5,14,0
5,15,0
5,16,10
5,17,0
5,18,6
5,19,13
5,20,0
5,21,0
5,22,14
5,23,0
5,24,8
6,0,0
6,1,18
6,2,0
6,3,0
6,4,2
6,5,14
6,6,0
6,7,0
6,8,0
6,9,0
6,10,3
6,11,0
6,12,19
6,13,10
6,14,0
6,15,0
6,16,8
6,17,9
6,18,0
6,19,0
6,20,20
6,21,11
6,22,21
6,23,0
6,24,0
7,0,14
7,1,7
7,2,0
7,3,22
7,4,10
7,5,11
7,6,15
7,7,1
7,8,0
7,9,23
7,10,24
7,11,0
7,12,0
7,13,0
7,14,2
7,15,0
7,16,4
7,17,20
7,18,12
7,19,0
7,20,6
7,21,0
7,22,9
7,23,0
7,24,13
8,0,25
8,1,16
8,2,11
8,3,0
8,4,0
8,5,19
8,6,0
8,7,6
8,8,5
8,9,21
8,10,15
8,11,14
8,12,13
8,13,0
8,14,0
8,15,22
8,16,24
8,17,0
8,18,0
8,19,0
8,20,0
8,21,18
8,22,0
8,23,0
8,24,0
9,0,21
9,1,0
9,2,0
9,3,0
9,4,6
9,5,0
9,6,0
9,7,0
9,8,3
9,9,12
9,10,0
9,11,7
9,12,0
9,13,8
9,14,9
9,15,14
9,16,0
9,17,11
9,18,19
9,19,15
9,20,23
9,21,2
9,22,0
9,23,4
9,24,22
10,0,2
10,1,0
10,2,0
10,3,14
10,4,0
10,5,5
10,6,3
10,7,0
10,8,0
10,9,0
10,10,22
10,11,0
10,12,0
10,13,0
10,14,0
10,15,0
10,16,13
10,17,0
10,18,11
10,19,0
10,20,0
10,21,0
10,22,17
10,23,21
10,24,7
11,0,0
11,1,10
11,2,0
11,3,0
11,4,15
11,5,0
11,6,16
11,7,4
11,8,0
11,9,0
11,10,0
11,11,17
11,12,0
11,13,0
11,14,14
11,15,0
11,16,1
11,17,7
11,18,0
11,19,8
11,20,13
11,21,0
11,22,25
11,23,0
11,24,2
12,0,0
12,1,9
12,2,0
12,3,0
12,4,18
12,5,0
12,6,14
12,7,25
12,8,0
12,9,11
12,10,2
12,11,23
12,12,1
12,13,19
12,14,3
12,15,20
12,16,0
12,17,10
12,18,5
12,19,0
12,20,22
12,21,0
12,22,0
12,23,12
12,24,0
13,0,11
13,1,0
13,2,12
13,3,0
13,4,1
13,5,9
13,6,0
13,7,10
13,8,19
13,9,0
13,10,7
13,11,0
13,12,0
13,13,13
13,14,0
13,15,0
13,16,0
13,17,23
13,18,22
13,19,0
13,20,5
13,21,0
13,22,0
13,23,24
13,24,0
14,0,13
14,1,6
14,2,3
14,3,0
14,4,0
14,5,0
14,6,2
14,7,0
14,8,22
14,9,0
14,10,0
14,11,0
14,12,0
14,13,0
14,14,24
14,15,0
14,16,0
14,17,0
14,18,15
14,19,12
14,20,0
14,21,19
14,22,0
14,23,0
14,24,20
15,0,6
15,1,13
15,2,0
15,3,16
15,4,17
15,5,18
15,6,9
15,7,2
15,8,0
15,9,19
15,10,14
15,11,22
15,12,0
15,13,24
15,14,0
15,15,4
15,16,23
15,17,0
15,18,0
15,19,0
15,20,21
15,21,0
15,22,0
15,23,0
15,24,12
16,0,0
16,1,0
16,2,0
16,3,12
16,4,0
16,5,0
16,6,0
16,7,0
16,8,24
16,9,6
16,10,0
16,11,0
16,12,2
16,13,1
16,14,18
16,15,8
16,16,5
16,17,3
16,18,0
16,19,20
16,20,0
16,21,0
16,22,19
16,23,10
16,24,4
17,0,7
17,1,0
17,2,24
17,3,0
17,4,4
17,5,0
17,6,12
17,7,5
17,8,23
17,9,0
17,10,25
17,11,0
17,12,0
17,13,0
17,14,11
17,15,13
17,16,0
17,17,19
17,18,17
17,19,10
17,20,3
17,21,1
17,22,0
17,23,22
17,24,6
18,0,0
18,1,0
18,2,10
18,3,20
18,4,25
18,5,0
18,6,0
18,7,11
18,8,8
18,9,0
18,10,0
18,11,6
18,12,21
18,13,0
18,14,7
18,15,0
18,16,0
18,17,0
18,18,0
18,19,22
18,20,15
18,21,0
18,22,0
18,23,2
18,24,0
19,0,15
19,1,0
19,2,18
19,3,0
19,4,0
19,5,16
19,6,22
19,7,0
19,8,4
19,9,0
19,10,0
19,11,0
19,12,0
19,13,0
19,14,23
19,15,0
19,16,0
19,17,0
19,18,0
19,19,0
19,20,0
19,21,7
19,22,13
19,23,17
19,24,0
20,0,16
20,1,0
20,2,4
20,3,2
20,4,0
20,5,6
20,6,21
20,7,0
20,8,0
20,9,0
20,10,0
20,11,9
20,12,0
20,13,0
20,14,19
20,15,12
20,16,15
20,17,0
20,18,10
20,19,25
20,20,8
20,21,13
20,22,24
20,23,0
20,24,0
21,0,0
21,1,0
21,2,7
21,3,6
21,4,0
21,5,23
21,6,0
21,7,13
21,8,0
21,9,0
21,10,0
21,11,0
21,12,24
21,13,0
21,14,10
21,15,0
21,16,0
21,17,0
21,18,0
21,19,16
21,20,0
21,21,0
21,22,12
21,23,0
21,24,0
22,0,18
22,1,17
22,2,25
22,3,0
22,4,0
22,5,22
22,6,0
22,7,0
22,8,9
22,9,10
22,10,0
22,11,0
22,12,12
22,13,0
22,14,13
22,15,0
22,16,20
22,17,5
22,18,4
22,19,19
22,20,0
22,21,0
22,22,0
22,23,0
22,24,16
23,0,3
23,1,5
23,2,0
23,3,0
23,4,13
23,5,2
23,6,0
23,7,14
23,8,12
23,9,0
23,10,21
23,11,0
23,12,0
23,13,0
23,14,0
23,15,0
23,16,7
23,17,8
23,18,0
23,19,0
23,20,19
23,21,0
23,22,20
23,23,0
23,24,23
24,0,22
24,1,24
24,2,19
24,3,8
24,4,0
24,5,3
24,6,1
24,7,0
24,8,0
24,9,0
24,10,6
24,11,5
24,12,16
24,13,0
24,14,4
24,15,11
24,16,21
24,17,0
24,18,23
24,19,14
24,20,0
24,21,9
24,22,2
24,23,0
24,24,10
