0,0,4
0,1,10
0,2,0
0,3,0
0,4,0
0,5,2
0,6,0
0,7,24
0,8,9
0,9,0
0,10,0
0,11,5
0,12,1
0,13,0
0,14,15
0,15,0
0,16,22
0,17,0
0,18,0
0,19,19
0,20,0
0,21,0
0,22,14
0,23,0
0,24,12
1,0,15
1,1,0
1,2,0
1,3,7
1,4,25
1,5,0
1,6,5
1,7,22
1,8,13
1,9,0
1,10,19
1,11,12
1,12,0
1,13,18
1,14,0
1,15,2
1,16,16
1,17,0
1,18,0
1,19,0
1,20,6
1,21,9
1,22,0
1,23,0
1,24,1
2,0,23
2,1,0
2,2,0
2,3,0
2,4,14
2,5,11
2,6,12
2,7,18
2,8,0
2,9,0
2,10,6
2,11,0
2,12,0
2,13,0
2,14,8
2,15,0
2,16,0
2,17,0
2,18,9
2,19,0
2,20,7
2,21,0
2,22,15
2,23,0
2,24,20
3,0,0
3,1,0
3,2,0
3,3,0
3,4,0
3,5,7
3,6,16
3,7,8
3,8,19
3,9,14
3,10,23
3,11,3
3,12,0
3,13,2
3,14,0
3,15,15
3,16,0
3,17,20
3,18,0
3,19,0
3,20,25
3,21,18
3,22,0
3,23,0
3,24,0
4,0,0
4,1,22
4,2,9
4,3,0
4,4,0
4,5,23
4,6,0
4,7,0
4,8,0
4,9,0
4,10,0
4,11,0
4,12,24
4,13,14
4,14,0
4,15,0
4,16,0
4,17,0
4,18,6
4,19,5
4,20,0
4,21,0
4,22,0
4,23,0
4,24,11
5,0,3
5,1,0
5,2,0
5,3,19
5,4,0
5,5,0
5,6,0
5,7,0
5,8,0
5,9,11
5,10,22
5,11,0
5,12,0
5,13,0
5,14,16
5,15,0
5,16,12
5,17,24
5,18,0
5,19,20
5,20,5
5,21,0
5,22,0
5,23,21
5,24,25
6,0,6
6,1,0
6,2,0
6,3,4
6,4,2
6,5,1
6,6,21
6,7,13
6,8,22
6,9,0
6,10,25
6,11,18
6,12,23
6,13,0
6,14,14
6,15,0
6,16,0
6,17,0
6,18,17
6,19,9
6,20,12
6,21,0
6,22,3
6,23,0
6,24,0
7,0,7
7,1,23
7,2,0
7,3,0
7,4,12
7,5,0
7,6,4
7,7,0
7,8,24
7,9,0
7,10,0
7,11,0
7,12,5
7,13,19
7,14,0
7,15,0
7,16,3
7,17,15
7,18,0
7,19,0
7,20,22
7,21,1
7,22,0
7,23,0
7,24,6
8,0,0
8,1,0
8,2,0
8,3,22
8,4,17
8,5,25
8,6,0
8,7,15
8,8,0
8,9,2
8,10,0
8,11,0
8,12,8
8,13,0
8,14,24
8,15,7
8,16,0
8,17,0
8,18,0
8,19,0
8,20,10
8,21,0
8,22,9
8,23,11
8,24,0
9,0,0
9,1,0
9,2,0
9,3,0
9,4,18
9,5,0
9,6,0
9,7,12
9,8,0
9,9,20
9,10,11
9,11,17
9,12,3
9,13,0
9,14,0
9,15,25
9,16,6
9,17,0
9,18,19
9,19,0
9,20,0
9,21,14
9,22,0
9,23,0
9,24,0
10,0,13
10,1,0
10,2,0
10,3,3
10,4,16
10,5,0
10,6,0
10,7,7
10,8,0
10,9,0
10,10,8
10,11,0
10,12,0
10,13,0
10,14,17
10,15,0
10,16,0
10,17,10
10,18,11
10,19,2
10,20,0
10,21,0
10,22,0
10,23,25
10,24,14
11,0,0
11,1,0
11,2,0
11,3,8
11,4,0
11,5,0
11,6,0
11,7,19
11,8,4
11,9,3
11,10,0
11,11,0
11,12,0
11,13,0
11,14,0
11,15,0
11,16,0
11,17,23
11,18,0
11,19,22
11,20,0
11,21,20
11,22,7
11,23,0
11,24,21
12,0,0
12,1,6
12,2,19
12,3,18
12,4,0
12,5,0
12,6,0
12,7,0
12,8,0
12,9,12
12,10,0
12,11,14
12,12,0
12,13,7
12,14,0
12,15,9
12,16,0
12,17,0
12,18,0
12,19,0
12,20,0
12,21,23
12,22,8
12,23,17
12,24,0
13,0,17
13,1,0
13,2,1
13,3,15
13,4,0
13,5,18
13,6,0
13,7,5
13,8,0
13,9,0
13,10,0
13,11,0
13,12,0
13,13,0
13,14,0
13,15,13
13,16,7
13,17,19
13,18,0
13,19,0
13,20,0
13,21,4
13,22,0
13,23,0
13,24,0
14,0,20
14,1,4
14,2,0
14,3,0
14,4,0
14,5,15
14,6,17
14,7,25
14,8,0
14,9,0
14,10,9
14,11,0
14,12,0
14,13,0
14,14,5
14,15,0
14,16,0
14,17,21
14,18,0
14,19,0
14,20,1
14,21,11
14,22,0
14,23,0
14,24,22
15,0,0
15,1,0
15,2,0
15,3,25
15,4,0
15,5,0
15,6,11
15,7,0
15,8,15
15,9,7
15,10,0
15,11,0
15,12,18
15,13,1
15,14,4
15,15,6
15,16,0
15,17,12
15,18,0
15,19,0
15,20,23
15,21,0
15,22,0
15,23,0
15,24,0
16,0,0
16,1,14
16,2,6
16,3,0
16,4,13
16,5,0
16,6,0
16,7,0
16,8,0
16,9,25
16,10,12
16,11,0
16,12,15
16,13,0
16,14,0
16,15,23
16,16,0
16,17,8
16,18,0
16,19,16
16,20,4
16,21,17
16,22,0
16,23,0
16,24,0
17,0,10
17,1,0
17,2,0
17,3,16
17,4,7
17,5,0
17,6,0
17,7,17
17,8,8
17,9,0
17,10,0
17,11,11
17,12,9
17,13,0
17,14,0
17,15,0
17,16,4
17,17,0
17,18,21
17,19,0
17,20,24
17,21,0
17,22,0
17,23,14
17,24,15
18,0,0
18,1,0
18,2,21
18,3,0
18,4,4
18,5,12
18,6,14
18,7,0
18,8,0
18,9,0
18,10,13
18,11,0
18,12,6
18,13,22
18,14,7
18,15,0
18,16,17
18,17,25
18,18,24
18,19,11
18,20,9
18,21,19
18,22,0
18,23,0
18,24,3
19,0,18
19,1,20
19,2,0
19,3,0
19,4,9
19,5,24
19,6,0
19,7,1
19,8,3
19,9,0
19,10,17
19,11,0
19,12,0
19,13,0
19,14,21
19,15,10
19,16,0
19,17,0
19,18,0
19,19,0
19,20,0
19,21,22
19,22,0
19,23,0
19,24,5
20,0,25
20,1,0
20,2,0
20,3,0
20,4,0
20,5,8
20,6,1
20,7,0
20,8,0
20,9,0
20,10,0
20,11,20
20,12,14
20,13,0
20,14,0
20,15,0
20,16,0
20,17,0
20,18,0
20,19,17
20,20,0
20,21,0
20,22,4
20,23,15
20,24,0
21,0,0
21,1,0
21,2,0
21,3,9
21,4,15
21,5,0
21,6,0
21,7,16
21,8,0
21,9,13
21,10,0
21,11,21
21,12,0
21,13,23
21,14,6
21,15,14
21,16,11
21,17,2
21,18,3
21,19,8
21,20,0
21,21,0
21,22,0
21,23,0
21,24,0
22,0,14
22,1,0
22,2,17
22,3,0
22,4,10
22,5,0
22,6,15
22,7,0
22,8,0
22,9,0
22,10,7
22,11,0
22,12,0
22,13,0
22,14,22
22,15,0
22,16,0
22,17,5
22,18,13
22,19,23
22,20,2
22,21,0
22,22,0
22,23,0
22,24,16
23,0,22
23,1,0
23,2,0
23,3,23
23,4,8
23,5,0
23,6,0
23,7,0
23,8,21
23,9,18
23,10,0
23,11,9
23,12,0
23,13,15
23,14,11
23,15,0
23,16,20
23,17,16
23,18,1
23,19,0
23,20,17
23,21,25
23,22,0
23,23,0
23,24,13
24,0,11
24,1,0
24,2,16
24,3,0
24,4,0
24,5,4
24,6,0
24,7,0
24,8,12
24,9,0
24,10,10
24,11,0
24,12,13
24,13,17
24,14,0
24,15,0
24,16,24
24,17,9
24,18,0
24,19,15
24,20,0
24,21,0
24,22,0
24,23,19
24,24,23
