0,0,9
0,1,0
0,2,13
0,3,0
0,4,0
0,5,14
0,6,0
0,7,1
0,8,0
0,9,0
0,10,2
0,11,0
0,12,0
0,13,18
0,14,0
0,15,0
0,16,0
0,17,19
0,18,0
0,19,0
0,20,24
0,21,20
0,22,12
0,23,15
0,24,0
1,0,0
1,1,0
1,2,0
1,3,0
1,4,1
1,5,6
1,6,0
1,7,23
1,8,19
1,9,2
1,10,0
1,11,4
1,12,0
1,13,0
1,14,24
1,15,25
1,16,20
1,17,0
1,18,0
1,19,15
1,20,21
1,21,0
1,22,17
1,23,10
1,24,0
2,0,0
2,1,0
2,2,0
2,3,0
2,4,10
2,5,15
2,6,0
2,7,5
2,8,0
2,9,4
2,10,16
2,11,0
2,12,23
2,13,0
2,14,0
2,15,7
2,16,24
2,17,0
2,18,2
2,19,0
2,20,0
2,21,0
2,22,6
2,23,0
2,24,0
3,0,0
3,1,17
3,2,19
3,3,0
3,4,2
3,5,13
3,6,22
3,7,18
3,8,0
3,9,8
3,10,0
3,11,0
3,12,0
3,13,0
3,14,25
3,15,0
3,16,12
3,17,0
3,18,0
3,19,10
3,20,5
3,21,4
3,22,0
3,23,16
3,24,23
4,0,11
4,1,0
4,2,0
4,3,0
4,4,0
4,5,0
4,6,25
4,7,10
4,8,12
4,9,9
4,10,5
4,11,0
4,12,8
4,13,20
4,14,0
4,15,0
4,16,22
4,17,4
4,18,0
4,19,0
4,20,0
4,21,3
4,22,13
4,23,1
4,24,0
5,0,0
5,1,0
5,2,0
5,3,0
5,4,0
5,5,0
5,6,0
5,7,8
5,8,0
5,9,0
5,10,0
5,11,17
5,12,15
5,13,13
5,14,0
5,15,18
5,16,0
5,17,0
5,18,0
5,19,0
5,20,11
5,21,0
5,22,3
5,23,0
5,24,7
6,0,17
6,1,13
6,2,0
6,3,23
6,4,0
6,5,0
6,6,2
6,7,0
6,8,0
6,9,15
6,10,0
6,11,0
6,12,3
6,13,0
6,14,6
6,15,0
6,16,0
6,17,12
6,18,0
6,19,0
6,20,0
6,21,21
6,22,0
6,23,14
6,24,0
7,0,0
7,1,0
7,2,0
7,3,19
7,4,6
7,5,0
7,6,13
7,7,0
7,8,17
7,9,0
7,10,0
7,11,5
7,12,20
7,13,9
7,14,11
7,15,0
7,16,16
7,17,7
7,18,3
7,19,14
7,20,0
7,21,0
7,22,24
7,23,18
7,24,0
8,0,24
8,1,0
8,2,0
8,3,0
8,4,3
8,5,7
8,6,0
8,7,0
8,8,0
8,9,10
8,10,1
8,11,18
8,12,0
8,13,0
8,14,0
8,15,0
8,16,6
8,17,0
8,18,0
8,19,0
8,20,0
8,21,0
8,22,0
8,23,0
8,24,5
9,0,0
9,1,0
9,2,2
9,3,7
9,4,0
9,5,0
9,6,0
9,7,3
9,8,0
9,9,0
9,10,25
9,11,0
9,12,0
9,13,0
9,14,0
9,15,1
9,16,15
9,17,20
9,18,5
9,19,11
9,20,0
9,21,0
9,22,4
9,23,23
9,24,0
10,0,0
10,1,12
10,2,11
10,3,0
10,4,0
10,5,2
10,6,0
10,7,0
10,8,8
10,9,23
10,10,21
10,11,9
10,12,0
10,13,0
10,14,0
10,15,24
10,16,0
10,17,15
10,18,0
10,19,6
10,20,18
10,21,0
10,22,0
10,23,7
10,24,16
11,0,0
11,1,0
11,2,18
11,3,5
11,4,0
11,5,0
11,6,0
11,7,13
11,8,21
11,9,11
11,10,0
11,11,6
11,12,0
11,13,0
11,14,0
11,15,16
11,16,0
11,17,2
11,18,8
11,19,0
11,20,0
11,21,15
11,22,0
11,23,25
11,24,24
12,0,16
12,1,24
12,2,0
12,3,0
12,4,9
12,5,0
12,6,17
12,7,22
12,8,0
12,9,0
12,10,11
12,11,7
12,12,0
12,13,15
12,14,20
12,15,0
12,16,0
12,17,10
12,18,18
12,19,0
12,20,6
12,21,0
12,22,0
12,23,8
12,24,4
13,0,19
13,1,20
13,2,0
13,3,4
13,4,0
13,5,0
13,6,10
13,7,12
13,8,0
13,9,6
13,10,0
13,11,0
13,12,0
13,13,24
13,14,0
13,15,14
13,16,25
13,17,22
13,18,0
13,19,0
13,20,0
13,21,2
13,22,21
13,23,0
13,24,0
14,0,7
14,1,25
14,2,0
14,3,0
14,4,8
14,5,9
14,6,0
14,7,24
14,8,0
14,9,5
14,10,0
14,11,0
14,12,0
14,13,2
14,14,13
14,15,11
14,16,21
14,17,0
14,18,0
14,19,12
14,20,0
14,21,0
14,22,19
14,23,22
14,24,0
15,0,0
15,1,14
15,2,9
15,3,0
15,4,0
15,5,10
15,6,8
15,7,6
15,8,15
15,9,7
15,10,0
15,11,0
15,12,0
15,13,0
15,14,5
15,15,0
15,16,0
15,17,17
15,18,0
15,19,0
15,20,0
15,21,18
15,22,2
15,23,0
15,24,0
16,0,12
16,1,0
16,2,0
16,3,0
16,4,0
16,5,0
16,6,0
16,7,0
16,8,23
16,9,0
16,10,0
16,11,0
16,12,0
16,13,16
16,14,9
16,15,15
16,16,0
16,17,0
16,18,0
16,19,5
16,20,7
16,21,0
16,22,0
16,23,0
16,24,10
17,0,0
17,1,4
17,2,22
17,3,0
17,4,0
17,5,16
17,6,24
17,7,17
17,8,18
17,9,0
17,10,3
17,11,13
17,12,25
17,13,10
17,14,0
17,15,0
17,16,7
17,17,0
17,18,19
17,19,0
17,20,12
17,21,1
17,22,0
17,23,0
17,24,0
18,0,0
18,1,10
18,2,0
18,3,17
18,4,0
18,5,0
18,6,0
18,7,11
18,8,0
18,9,0
18,10,6
18,11,0
18,12,18
18,13,0
18,14,0
18,15,20
18,16,0
18,17,0
18,18,14
18,19,0
18,20,0
18,21,23
18,22,0
18,23,9
18,24,22
19,0,13
19,1,0
19,2,1
19,3,0
19,4,23
19,5,0
19,6,0
19,7,0
19,8,0
19,9,20
19,10,0
19,11,24
19,12,7
19,13,22
19,14,0
19,15,0
19,16,0
19,17,11
19,18,0
19,19,0
19,20,0
19,21,0
19,22,0
19,23,0
19,24,0
20,0,0
20,1,8
20,2,7
20,3,10
20,4,0
20,5,0
20,6,0
20,7,16
20,8,2
20,9,0
20,10,0
20,11,25
20,12,13
20,13,0
20,14,4
20,15,12
20,16,11
20,17,5
20,18,9
20,19,0
20,20,0
20,21,0
20,22,0
20,23,0
20,24,17
21,0,22
21,1,23
21,2,0
21,3,13
21,4,11
21,5,4
21,6,0
21,7,0
21,8,10
21,9,0
21,10,24
21,11,0
21,12,0
21,13,0
21,14,0
21,15,3
21,16,0
21,17,6
21,18,17
21,19,1
21,20,16
21,21,0
21,22,7
21,23,19
21,24,0
22,0,0
22,1,0
22,2,20
22,3,0
22,4,0
22,5,0
22,6,14
22,7,0
22,8,11
22,9,17
22,10,0
22,11,0
22,12,6
22,13,0
22,14,1
22,15,22
22,16,0
22,17,21
22,18,0
22,19,24
22,20,25
22,21,0
22,22,0
22,23,0
22,24,0
23,0,0
23,1,21
23,2,17
23,3,0
23,4,19
23,5,12
23,6,0
23,7,0
23,8,13
23,9,24
23,10,22
23,11,0
23,12,0
23,13,5
23,14,0
23,15,4
23,16,2
23,17,8
23,18,0
23,19,25
23,20,1
23,21,0
23,22,0
23,23,0
23,24,0
24,0,0
24,1,1
24,2,25
24,3,15
24,4,24
24,5,0
24,6,0
24,7,20
24,8,0
24,9,0
24,10,0
24,11,2
24,12,0
24,13,0
24,14,21
24,15,0
24,16,0
24,17,13
24,18,0
24,19,7
24,20,0
24,21,0
24,22,5
24,23,0
24,24,6
