0,0,16
0,1,0
0,2,24
0,3,0
0,4,15
0,5,0
0,6,0
0,7,19
0,8,0
0,9,12
0,10,0
0,11,8
0,12,9
0,13,0
0,14,0
0,15,0
0,16,0
0,17,5
0,18,18
0,19,0
0,20,0
0,21,14
0,22,0
0,23,0
0,24,0
1,0,0
1,1,0
1,2,25
1,3,0
1,4,17
1,5,18
1,6,10
1,7,0
1,8,8
1,9,0
1,10,6
1,11,22
1,12,0
1,13,0
1,14,0
1,15,0
1,16,23
1,17,1
1,18,12
1,19,0
1,20,3
1,21,4
1,22,21
1,23,2
1,24,24
2,0,11
2,1,0
2,2,18
2,3,0
2,4,0
2,5,0
2,6,15
2,7,0
2,8,0
2,9,2
2,10,0
2,11,10
2,12,0
2,13,0
2,14,1
2,15,0
2,16,0
2,17,0
2,18,0
2,19,7
2,20,23
2,21,0
2,22,19
2,23,0
2,24,6
3,0,5
3,1,10
3,2,0
3,3,22
3,4,0
3,5,0
3,6,0
3,7,0
3,8,0
3,9,4
3,10,0
3,11,17
3,12,0
3,13,0
3,14,0
3,15,0
3,16,20
3,17,0
3,18,2
3,19,3
3,20,0
3,21,0
3,22,8
3,23,0
3,24,0
4,0,8
4,1,0
4,2,0
4,3,6
4,4,0
4,5,3
4,6,0
4,7,21
4,8,0
4,9,20
4,10,0
4,11,11
4,12,0
4,13,16
4,14,0
4,15,25
4,16,9
4,17,24
4,18,10
4,19,0
4,20,0
4,21,22
4,22,0
4,23,0
4,24,0
5,0,13
5,1,0
5,2,0
5,3,0
5,4,0
5,5,0
5,6,0
5,7,0
5,8,0
5,9,0
5,10,0
5,11,1
5,12,0
5,13,0
5,14,2
5,15,20
5,16,22
5,17,4
5,18,23
5,19,0
5,20,7
5,21,0
5,22,10
5,23,16
5,24,15
6,0,0
6,1,0
6,2,6
6,3,4
6,4,20
6,5,10
6,6,7
6,7,17
6,8,0
6,9,19
6,10,0
6,11,0
6,12,15
6,13,0
6,14,0
6,15,24
6,16,0
6,17,0
6,18,0
6,19,0
6,20,18
6,21,11
6,22,0
6,23,13
6,24,0
7,0,23
7,1,3
7,2,7
7,3,0
7,4,18
7,5,2
7,6,14
7,7,0
7,8,0
7,9,0
7,10,0
7,11,12
7,12,0
7,13,0
7,14,22
7,15,5
7,16,0
7,17,0
7,18,0
7,19,21
7,20,1
7,21,20
7,22,0
7,23,0
7,24,9
8,0,22
8,1,21
8,2,2
8,3,10
8,4,24
8,5,13
8,6,0
8,7,11
8,8,0
8,9,0
8,10,0
8,11,6
8,12,3
8,13,0
8,14,0
8,15,14
8,16,12
8,17,0
8,18,0
8,19,0
8,20,0
8,21,5
8,22,0
8,23,8
8,24,0
9,0,0
9,1,0
9,2,17
9,3,9
9,4,0
9,5,0
9,6,0
9,7,0
9,8,22
9,9,24
9,10,0
9,11,0
9,12,19
9,13,14
9,14,7
9,15,16
9,16,13
9,17,0
9,18,0
9,19,18
9,20,21
9,21,0
9,22,2
9,23,0
9,24,0
10,0,0
10,1,0
10,2,0
10,3,0
10,4,0
10,5,1
10,6,0
10,7,0
10,8,0
10,9,0
10,10,0
10,11,16
10,12,10
10,13,0
10,14,0
10,15,0
10,16,3
10,17,0
10,18,0
10,19,0
10,20,0
10,21,9
10,22,17
10,23,0
10,24,0
11,0,18
11,1,0
11,2,0
11,3,23
11,4,3
11,5,4
11,6,16
11,7,22
11,8,15
11,9,0
11,10,9
11,11,0
11,12,0
11,13,0
11,14,0
11,15,0
11,16,0
11,17,17
11,18,0
11,19,0
11,20,0
11,21,0
11,22,0
11,23,25
11,24,0
12,0,17
12,1,0
12,2,10
12,3,0
12,4,0
12,5,0
12,6,9
12,7,0
12,8,0
12,9,0
12,10,18
12,11,25
12,12,0
12,13,7
12,14,4
12,15,0
12,16,0
12,17,0
12,18,19
12,19,0
12,20,0
12,21,0
12,22,3
12,23,0
12,24,14
13,0,0
13,1,19
13,2,0
13,3,0
13,4,0
13,5,0
13,6,0
13,7,14
13,8,0
13,9,0
13,10,0
13,11,0
13,12,0
13,13,0
13,14,21
13,15,0
13,16,4
13,17,9
13,18,7
13,19,13
13,20,24
13,21,8
13,22,0
13,23,0
13,24,2
14,0,0
14,1,0
14,2,13
14,3,14
14,4,0
14,5,0
14,6,0
14,7,0
14,8,25
14,9,0
14,10,0
14,11,0
14,12,2
14,13,8
14,14,0
14,15,0
14,16,0
14,17,0
14,18,0
14,19,5
14,20,0
14,21,0
14,22,0
14,23,0
14,24,0
15,0,0
15,1,0
15,2,3
15,3,0
15,4,9
15,5,23
15,6,0
15,7,0
15,8,24
15,9,6
15,10,19
15,11,18
15,12,11
15,13,0
15,14,0
15,15,2
15,16,25
15,17,0
15,18,0
15,19,0
15,20,0
15,21,21
15,22,22
15,23,0
15,24,0
16,0,0
16,1,18
16,2,0
16,3,7
16,4,0
16,5,0
16,6,0
16,7,0
16,8,2
16,9,17
16,10,0
16,11,0
16,12,6
16,13,9
16,14,0
16,15,0
16,16,0
16,17,10
16,18,0
16,19,24
16,20,15
16,21,12
16,22,4
16,23,19
16,24,25
17,0,20
17,1,0
17,2,0
17,3,8
17,4,22
17,5,14
17,6,0
17,7,0
17,8,0
17,9,11
17,10,7
17,11,0
17,12,0
17,13,25
17,14,0
17,15,0
17,16,0
17,17,0
17,18,21
17,19,19
17,20,13
17,21,0
17,22,18
17,23,24
17,24,23
18,0,0
18,1,6
18,2,0
18,3,11
18,4,23
18,5,0
18,6,0
18,7,0
18,8,0
18,9,21
18,10,0
18,11,0
18,12,4
18,13,0
18,14,0
18,15,7
18,16,0
18,17,14
18,18,1
18,19,22
18,20,17
18,21,2
18,22,16
18,23,0
18,24,0
19,0,24
19,1,17
19,2,4
19,3,0
19,4,13
19,5,0
19,6,22
19,7,18
19,8,20
19,9,25
19,10,15
19,11,0
19,12,0
19,13,1
19,14,0
19,15,0
19,16,0
19,17,0
19,18,0
19,19,0
19,20,0
19,21,0
19,22,0
19,23,0
19,24,8
20,0,0
20,1,0
20,2,0
20,3,13
20,4,0
20,5,0
20,6,24
20,7,23
20,8,18
20,9,15
20,10,0
20,11,7
20,12,0
20,13,3
20,14,0
20,15,21
20,16,0
20,17,12
20,18,0
20,19,9
20,20,0
20,21,19
20,22,0
20,23,0
20,24,17
21,0,0
21,1,0
21,2,21
21,3,0
21,4,0
21,5,17
21,6,1
21,7,0
21,8,16
21,9,0
21,10,0
21,11,0
21,12,0
21,13,2
21,14,0
21,15,6
21,16,0
21,17,0
21,18,0
21,19,0
21,20,0
21,21,3
21,22,0
21,23,22
21,24,13
22,0,19
22,1,0
22,2,16
22,3,0
22,4,4
22,5,21
22,6,0
22,7,0
22,8,0
22,9,0
22,10,1
22,11,0
22,12,0
22,13,6
22,14,0
22,15,13
22,16,0
22,17,0
22,18,15
22,19,0
22,20,0
22,21,0
22,22,24
22,23,0
22,24,12
23,0,2
23,1,7
23,2,23
23,3,18
23,4,1
23,5,0
23,6,25
23,7,5
23,8,3
23,9,0
23,10,0
23,11,0
23,12,0
23,13,19
23,14,11
23,15,0
23,16,24
23,17,0
23,18,4
23,19,14
23,20,10
23,21,0
23,22,15
23,23,0
23,24,0
24,0,0
24,1,0
24,2,0
24,3,5
24,4,0
24,5,0
24,6,19
24,7,12
24,8,0
24,9,0
24,10,0
24,11,0
24,12,25
24,13,21
24,14,0
24,15,23
24,16,0
24,17,18
24,18,0
24,19,0
24,20,4
24,21,0
24,22,7
24,23,0
24,24,1
