0,0,0
0,1,7
0,2,0
0,3,2
0,4,0
0,5,24
0,6,23
0,7,0
0,8,20
0,9,0
0,10,14
0,11,6
0,12,0
0,13,0
0,14,0
0,15,0
0,16,0
0,17,0
0,18,19
0,19,22
0,20,17
0,21,18
0,22,25
0,23,15
0,24,8
1,0,0
1,1,17
1,2,0
1,3,0
1,4,0
1,5,0
1,6,10
1,7,11
1,8,0
1,9,7
1,10,0
1,11,22
1,12,0
1,13,23
1,14,0
1,15,0
1,16,0
1,17,0
1,18,0
1,19,8
1,20,9
1,21,0
1,22,0
1,23,0
1,24,0
2,0,13
2,1,0
2,2,0
2,3,19
2,4,8
2,5,0
2,6,0
2,7,0
2,8,0
2,9,0
2,10,24
2,11,0
2,12,0
2,13,17
2,14,18
2,15,0
2,16,25
2,17,10
2,18,0
2,19,0
2,20,23
2,21,3
2,22,12
2,23,0
2,24,2
3,0,0
3,1,11
3,2,0
3,3,0
3,4,9
3,5,0
3,6,0
3,7,22
3,8,0
3,9,0
3,10,25
3,11,7
3,12,0
3,13,0
3,14,10
3,15,12
3,16,2
3,17,5
3,18,15
3,19,17
3,20,0
3,21,14
3,22,16
3,23,24
3,24,0
4,0,0
4,1,0
4,2,6
4,3,14
4,4,20
4,5,2
4,6,18
4,7,0
4,8,3
4,9,0
4,10,0
4,11,0
4,12,0
4,13,0
4,14,15
4,15,0
4,16,0
4,17,13
4,18,0
4,19,0
4,20,0
4,21,0
4,22,21
4,23,19
4,24,0
5,0,1
5,1,0
5,2,19
5,3,9
5,4,6
5,5,0
5,6,24
5,7,0
5,8,18
5,9,0
5,10,4
5,11,0
5,12,0
5,13,0
5,14,11
5,15,0
5,16,23
5,17,20
5,18,12
5,19,3
5,20,21
5,21,0
5,22,2
5,23,22
5,24,0
6,0,7
6,1,0
6,2,0
6,3,12
6,4,24
6,5,0
6,6,2
6,7,0
6,8,0
6,9,21
6,10,0
6,11,16
6,12,0
6,13,0
6,14,0
6,15,1
6,16,8
6,17,19
6,18,0
6,19,0
6,20,0
6,21,15
6,22,11
6,23,0
6,24,9
7,0,0
7,1,4
7,2,3
7,3,0
7,4,0
7,5,25
7,6,1
7,7,0
7,8,0
7,9,0
7,10,0
7,11,24
7,12,0
7,13,9
7,14,0
7,15,7
7,16,0
7,17,0
7,18,0
7,19,11
7,20,0
7,21,0
7,22,0
7,23,17
7,24,0
8,0,0
8,1,0
8,2,0
8,3,25
8,4,14
8,5,11
8,6,12
8,7,0
8,8,0
8,9,13
8,10,8
8,11,0
8,12,0
8,13,0
8,14,2
8,15,0
8,16,17
8,17,0
8,18,6
8,19,4
8,20,7
8,21,23
8,22,0
8,23,0
8,24,0
9,0,0
9,1,0
9,2,13
9,3,16
9,4,0
9,5,20
9,6,8
9,7,0
9,8,22
9,9,0
9,10,0
9,11,0
9,12,0
9,13,6
9,14,0
9,15,9
9,16,0
9,17,0
9,18,25
9,19,0
9,20,14
9,21,0
9,22,0
9,23,4
9,24,18
10,0,19
10,1,0
10,2,22
10,3,17
10,4,0
10,5,0
10,6,7
10,7,0
10,8,0
10,9,20
10,10,0
10,11,0
10,12,6
10,13,25
10,14,0
10,15,0
10,16,0
10,17,12
10,18,18
10,19,16
10,20,11
10,21,0
10,22,0
10,23,5
10,24,0
11,0,0
11,1,16
11,2,7
11,3,0
11,4,0
11,5,0
11,6,11
11,7,0
11,8,0
11,9,18
11,10,0
11,11,0
11,12,0
11,13,12
11,14,24
11,15,0
11,16,0
11,17,0
11,18,0
11,19,0
11,20,0
11,21,4
11,22,0
11,23,3
11,24,0
12,0,14
12,1,0
12,2,10
12,3,0
12,4,0
12,5,16
12,6,0
12,7,13
12,8,24
12,9,6
12,10,0
12,11,2
12,12,8
12,13,5
12,14,0
12,15,23
12,16,9
12,17,3
12,18,0
12,19,25
12,20,0
12,21,0
12,22,17
12,23,0
12,24,7
13,0,0
13,1,18
13,2,0
13,3,5
13,4,0
13,5,0
13,6,0
13,7,0
13,8,0
13,9,0
13,10,21
13,11,11
13,12,0
13,13,0
13,14,0
13,15,20
13,16,0
13,17,0
13,18,1
13,19,0
13,20,0
13,21,0
13,22,24
13,23,10
13,24,0
14,0,0
14,1,20
14,2,0
14,3,0
14,4,4
14,5,3
14,6,22
14,7,12
14,8,0
14,9,0
14,10,0
14,11,10
14,12,23
14,13,0
14,14,0
14,15,13
14,16,0
14,17,0
14,18,21
14,19,0
14,20,0
14,21,6
14,22,19
14,23,0
14,24,14
15,0,22
15,1,14
15,2,0
15,3,0
15,4,16
15,5,0
15,6,3
15,7,0
15,8,0
15,9,1
15,10,0
15,11,25
15,12,0
15,13,0
15,14,0
15,15,0
15,16,24
15,17,0
15,18,9
15,19,20
15,20,0
15,21,21
15,22,10
15,23,0
15,24,0
16,0,0
16,1,0
16,2,0
16,3,23
16,4,21
16,5,7
16,6,6
16,7,0
16,8,12
16,9,0
16,10,5
16,11,0
16,12,0
16,13,0
16,14,1
16,15,17
16,16,0
16,17,0
16,18,11
16,19,13
16,20,3
16,21,8
16,22,0
16,23,0
16,24,0
17,0,0
17,1,9
17,2,0
17,3,0
17,4,0
17,5,22
17,6,0
17,7,0
17,8,0
17,9,14
17,10,0
17,11,15
17,12,0
17,13,8
17,14,0
17,15,0
17,16,0
17,17,0
17,18,2
17,19,10
17,20,0
17,21,0
17,22,23
17,23,20
17,24,0
18,0,5
18,1,0
18,2,8
18,3,1
18,4,0
18,5,0
18,6,0
18,7,21
18,8,16
18,9,24
18,10,0
18,11,0
18,12,0
18,13,14
18,14,0
18,15,25
18,16,0
18,17,0
18,18,23
18,19,0
18,20,12
18,21,7
18,22,0
18,23,0
18,24,4
19,0,0
19,1,24
19,2,20
19,3,0
19,4,10
19,5,17
19,6,25
19,7,23
19,8,11
19,9,0
19,10,3
19,11,0
19,12,0
19,13,0
19,14,9
19,15,0
19,16,21
19,17,0
19,18,8
19,19,0
19,20,19
19,21,16
19,22,13
19,23,0
19,24,15
20,0,0
20,1,5
20,2,23
20,3,0
20,4,0
20,5,0
20,6,0
20,7,25
20,8,0
20,9,0
20,10,6
20,11,0
20,12,0
20,13,0
20,14,0
20,15,0
20,16,10
20,17,0
20,18,13
20,19,14
20,20,20
20,21,9
20,22,18
20,23,0
20,24,0
21,0,0
21,1,12
21,2,4
21,3,10
21,4,0
21,5,19
21,6,16
21,7,6
21,8,1
21,9,11
21,10,17
21,11,0
21,12,0
21,13,2
21,14,23
21,15,0
21,16,0
21,17,7
21,18,0
21,19,0
21,20,15
21,21,0
21,22,0
21,23,25
21,24,0
22,0,21
22,1,0
22,2,17
22,3,20
22,4,19
22,5,0
22,6,0
22,7,24
22,8,5
22,9,0
22,10,16
22,11,14
22,12,0
22,13,0
22,14,25
22,15,0
22,16,0
22,17,0
22,18,0
22,19,0
22,20,4
22,21,10
22,22,0
22,23,0
22,24,13
23,0,0
23,1,0
23,2,0
23,3,0
23,4,18
23,5,23
23,6,0
23,7,0
23,8,0
23,9,0
23,10,0
23,11,1
23,12,0
23,13,10
23,14,0
23,15,4
23,16,0
23,17,11
23,18,3
23,19,0
23,20,0
23,21,0
23,22,0
23,23,21
23,24,0
24,0,9
24,1,2
24,2,14
24,3,8
24,4,1
24,5,15
24,6,13
24,7,0
24,8,0
24,9,0
24,10,0
24,11,0
24,12,0
24,13,21
24,14,12
24,15,0
24,16,20
24,17,0
24,18,17
24,19,19
24,20,0
24,21,11
24,22,0
24,23,23
24,24,0
